0 1.00824 -0.016781 0.005957
1 2.14579 -0.0213143 0.0115825
2 3.17067 -0.0366545 0.0263637
3 4.2881 -0.0161006 0.0409375
4 5.37369 0.00150719 0.0456842
5 6.37484 -0.00318482 -0.0118462
6 7.36247 -0.0445102 -0.00899623
7 8.38081 -0.0586214 -0.00988647
8 9.37735 -0.107829 0.0083779
9 10.3801 -0.209752 -0.214497
10 11.4462 -0.591628 -0.389298
11 12.3797 -0.973588 -0.419279
12 12.8867 -1.38875 -0.941686
13 13.1036 -2.08151 -1.4914
14 12.9999 -3.05444 -1.68209
15 12.869 -4.06622 -1.7135
16 12.7055 -5.09708 -1.74276
17 12.4768 -6.20825 -1.68538
18 12.411 -7.22826 -1.60097
19 12.3396 -8.20828 -1.6189
20 12.2675 -9.24871 -1.65377
21 12.1422 -10.3097 -1.66766
22 11.9863 -11.4113 -1.68763
23 11.8791 -12.5217 -1.53286
24 11.9203 -13.5884 -1.55639
25 11.9016 -14.7099 -1.58161
26 11.8431 -15.8523 -1.60313
27 11.7694 -16.8599 -1.62301
28 11.6814 -17.9357 -1.64597
29 11.5906 -18.9476 -1.66537
30 11.4408 -19.9513 -1.62486
31 11.3897 -21.0197 -1.58044
32 11.3239 -22.0489 -1.59713
33 11.2771 -23.0841 -1.60034
34 11.1816 -24.1314 -1.6059
35 11.1009 -25.2388 -1.62365
36 11.0068 -26.2936 -1.6373
37 10.9032 -27.4693 -1.66888
38 10.7952 -28.4982 -1.6879
39 10.6065 -29.5196 -1.69584
40 10.5023 -30.5641 -1.65621
41 10.3582 -31.6113 -1.67259
42 10.2504 -32.7052 -1.63557
43 10.2165 -33.6942 -1.53178
44 10.2873 -34.7348 -1.49033
45 10.3618 -35.4258 -1.48358
46 10.3897 -36.5543 -1.54973
47 10.3418 -37.7452 -1.642
48 10.2156 -38.8992 -1.67318
49 10.0711 -40.0098 -1.68317
50 9.92578 -41.0424 -1.70592
51 9.76096 -42.0594 -1.71266
52 9.62427 -43.0989 -1.66056
53 9.51206 -44.1303 -1.59561
54 9.46202 -45.1495 -1.60209
55 9.3747 -46.2475 -1.59741
56 9.33256 -47.2859 -1.62394
57 9.23649 -48.2919 -1.62648
58 9.14796 -49.3306 -1.63988
59 9.07833 -50.3592 -2.05294
60 8.75197 -50.7438 -2.60634
61 7.74588 -50.9574 -3.02096
62 6.74877 -50.8866 -3.23364
63 5.73428 -50.7737 -3.22667
64 4.60545 -50.6683 -3.22017
65 3.54707 -50.6083 -3.22197
66 2.5888 -50.5204 -3.21579
67 1.56165 -50.4048 -3.24916
68 0.582084 -50.3184 -3.17904
69 -0.474728 -50.2653 -2.96714
70 -1.17983 -50.5457 -2.39516
71 -1.45781 -50.9913 -1.86824
72 -1.63997 -51.9945 -1.62073
73 -1.61 -53.0249 -1.51248
74 -1.58902 -54.0513 -1.52442
75 -1.69086 -55.1077 -1.80505
76 -1.93106 -56.0771 -1.76216
77 -2.11596 -57.1279 -1.67346
78 -2.20124 -58.1822 -1.4572
79 -1.98847 -59.1753 -1.45051
80 -1.98517 -60.1909 -1.5869
81 -2.049 -61.3541 -1.58391
82 -2.06341 -62.3742 -1.58245
83 -2.00638 -63.385 -1.23847
84 -1.55405 -64.1541 -0.660102
85 -0.714904 -64.5687 -0.273532
86 0.379853 -64.6263 0.199989
87 1.50095 -64.4202 0.223824
88 2.73037 -64.2225 0.0694237
89 3.70935 -64.2592 0.0145011
90 4.76567 -64.2684 0.011975
91 5.95779 -64.3163 -0.00206809
92 6.95707 -64.3066 0.0152902
93 8.04925 -64.3188 -0.0232948
94 9.07528 -64.3518 -0.00462971
95 10.1482 -64.4386 -0.0433332
96 11.1647 -64.5266 -0.0170498
97 12.1229 -64.5618 0.000697049
98 13.148 -64.5739 -0.0453941
99 14.1658 -64.6695 -0.0119674
100 15.2264 -64.6748 -0.00161796
101 16.2249 -64.6772 0.00445415
102 17.2704 -64.7216 -0.0516236
103 18.2999 -64.7068 -0.040264
104 19.1392 -64.7217 0.47805
105 19.4315 -64.5026 1.07698
106 19.5847 -63.4614 1.49983
107 19.6604 -62.3401 1.49873
108 19.7574 -61.3789 1.54322
109 19.8625 -60.2879 1.54244
110 19.9396 -59.2839 1.5499
111 19.9814 -58.249 1.54748
112 20.0294 -57.2267 1.52542
113 20.0996 -56.1802 1.52229
114 20.1739 -55.1299 1.52387
115 20.2507 -53.9808 1.52333
116 20.347 -52.9892 1.51365
117 20.3123 -51.9832 2.19947
118 20.0098 -51.721 2.73101
119 19.0506 -51.2588 -3.40816
120 18.0191 -51.2642 -2.9886
121 16.9499 -51.3072 -3.062
122 15.8266 -51.3627 -3.10226
123 14.7221 -51.361 -3.13774
124 13.698 -51.3127 -3.16092
125 12.6139 -51.2484 -3.19703
126 11.4965 -51.1333 -3.22664
127 10.3658 -50.962 -3.23332
128 10.2399 -50.958 2.403
129 10.2268 -50.966 1.73832
130 10.2057 -50.5859 2.31451
131 10.1349 -50.5132 -3.45335
132 10.1031 -50.475 -2.94379
133 10.0248 -50.5332 -2.4564
134 9.70925 -50.9484 -2.21088
135 9.01224 -51.321 -2.69282
136 8.26623 -51.3863 -3.19754
137 7.22358 -51.2909 -3.24627
138 6.2024 -51.1431 -3.28658
139 5.12841 -50.9622 -3.30247
140 4.04547 -50.7757 -3.26654
141 3.09893 -50.665 -3.29141
142 2.0516 -50.5418 -3.15943
143 1.08615 -50.4894 -3.19251
144 0.0806925 -50.4028 -3.21032
145 -0.938696 -50.268 -3.24245
146 -2.02526 -50.1713 -3.08131
147 -2.90031 -50.2728 -3.3063
148 -3.88252 -49.9603 -3.44405
149 -4.94122 -49.5683 2.61255
150 -5.56225 -48.7859 2.22089
151 -6.24681 -47.9796 2.55509
152 -7.28354 -47.6611 -3.33272
153 -8.40082 -47.5183 -3.19771
154 -9.49806 -47.4591 -3.21337
155 -10.6483 -47.3093 -3.227
156 -11.8184 -47.3728 -3.13088
157 -12.793 -47.4408 -3.13091
158 -13.9565 -47.4459 -3.15613
159 -15.0116 -47.4968 -3.20748
160 -15.977 -47.3711 -3.21493
161 -17.0292 -47.2216 -3.22647
162 -18.0611 -47.0654 -3.37748
163 -18.5712 -46.828 2.3149
164 -18.7805 -46.4211 1.70383
165 -18.737 -45.416 1.51682
166 -18.6651 -44.436 1.49519
167 -18.5077 -43.3006 1.47665
168 -18.3897 -42.3261 1.4579
169 -18.2884 -41.2621 1.49269
170 -18.1844 -40.1961 1.4703
171 -18.0314 -39.053 1.42848
172 -17.8995 -38.0914 1.42829
173 -17.7394 -37.0049 1.4981
174 -17.7386 -36.0082 1.9404
175 -18.0267 -35.5823 2.51947
176 -19.0746 -35.173 -3.28289
177 -20.096 -35.0135 -3.22422
178 -21.1305 -34.9619 -3.19437
179 -22.143 -34.8694 -3.20006
180 -23.2528 -34.7894 -3.21268
181 -24.4081 -34.6874 -3.22926
182 -25.5172 -34.5857 -3.17763
183 -26.6012 -34.5324 -3.1525
184 -27.6391 -34.4746 -3.16377
185 -28.6644 -34.4333 -3.1694
186 -29.8511 -34.3797 -3.18574
187 -30.8991 -34.2993 -3.20136
188 -31.9901 -34.2126 -3.21308
189 -33.126 -34.1223 -3.22932
190 -34.2171 -33.9993 -3.23807
191 -35.29 -33.834 -3.26903
192 -36.442 -33.6963 -3.22541
193 -37.4551 -33.5993 -3.23825
194 -38.4681 -33.4587 -3.24835
195 -39.4301 -33.3587 -3.25831
196 -40.4902 -33.2264 -3.27023
197 -41.7116 -32.9788 -3.4049
198 -42.7534 -32.641 -3.34685
199 -43.9065 -32.5206 -3.19825
200 -44.9923 -32.4258 -3.16461
201 -46.0472 -32.3387 -3.17501
202 -47.1169 -32.2577 -3.1808
203 -48.0963 -32.2141 -3.17913
204 -49.2417 -32.1084 -3.19127
205 -50.454 -31.9909 -3.20544
206 -51.4597 -31.9031 -3.21795
207 -52.5381 -31.7984 -3.27506
208 -53.5006 -31.6036 -3.29802
209 -54.6088 -31.3833 -3.30849
210 -55.6998 -31.2076 -3.31835
211 -56.8132 -31.0557 -3.17787
212 -57.937 -30.9905 -3.1846
213 -59.0454 -30.9281 -3.19483
214 -60.1104 -30.8196 -3.26431
215 -61.1912 -30.6675 -3.26929
216 -62.1976 -30.5192 -3.32795
217 -63.2998 -30.3493 -3.28201
218 -64.3513 -30.1286 -3.29312
219 -65.4665 -29.9918 -3.19835
220 -66.5712 -29.9135 -3.1513
221 -67.7146 -29.8477 -3.1634
222 -68.7867 -29.7816 -3.16885
223 -69.8994 -29.6999 -3.25519
224 -70.9902 -29.5342 -3.25835
225 -72.034 -29.3723 -3.26582
226 -73.17 -29.2173 -3.26783
227 -74.1739 -29.0984 -3.10568
228 -74.7093 -29.2068 -2.60042
229 -75.1521 -29.4956 -1.99819
230 -75.3862 -30.5616 -1.69759
231 -75.5854 -31.6089 -1.6782
232 -75.6955 -32.7092 -1.65792
233 -75.7971 -33.6513 -1.63072
234 -75.8791 -34.7295 -1.637
235 -75.9265 -35.8118 -1.6165
236 -76.0143 -36.947 -1.59706
237 -76.0842 -38.0026 -1.61925
238 -76.1849 -39.0381 -1.60201
239 -76.256 -40.1546 -1.64291
240 -76.3659 -41.1779 -1.67713
241 -76.4847 -42.257 -1.67712
242 -76.5876 -43.3378 -1.66565
243 -76.7105 -44.2339 -1.53525
244 -76.5208 -44.8106 -0.92553
245 -76.0195 -45.1895 -0.340965
246 -75.0075 -45.5474 -0.354576
247 -73.9577 -45.7279 -0.151214
248 -72.8921 -45.873 -0.10376
249 -71.862 -45.956 -0.0693778
250 -70.6391 -45.973 -0.0578452
251 -69.5685 -46.0104 -0.0632363
252 -68.4949 -46.0929 -0.0581751
253 -67.3865 -46.148 -0.0727677
254 -66.3365 -46.2254 -0.145925
255 -65.3377 -46.4067 -0.181144
256 -64.2357 -46.5586 -0.21386
257 -63.1168 -46.7104 -0.220882
258 -61.991 -46.9235 -0.216475
259 -60.8753 -47.1696 -0.209085
260 -59.7795 -47.3831 -0.204839
261 -58.7238 -47.5755 -0.186707
262 -57.6636 -47.6894 -0.158596
263 -56.5839 -47.8162 -0.14631
264 -55.4435 -47.9613 -0.148606
265 -54.3408 -48.0667 -0.17528
266 -53.0733 -48.1949 -0.195273
267 -52.1211 -48.3784 -0.171927
268 -50.9813 -48.576 -0.159998
269 -49.9108 -48.7649 -0.191326
270 -48.7749 -48.8698 -0.184145
271 -47.689 -49.0368 -0.170324
272 -46.5657 -49.1623 -0.150073
273 -45.5058 -49.3588 -0.144456
274 -44.3306 -49.4908 -0.139631
275 -43.2027 -49.7185 -0.245727
276 -42.0899 -50.0262 -0.227251
277 -40.9539 -50.2657 -0.226587
278 -39.8522 -50.4792 -0.205357
279 -38.7818 -50.6588 -0.159187
280 -37.7216 -50.7957 -0.125836
281 -36.5644 -50.8225 -0.0937163
282 -35.5735 -50.928 -0.094424
283 -34.4759 -51.066 -0.088461
284 -33.2883 -51.1715 -0.131529
285 -32.2062 -51.3213 -0.135546
286 -31.1703 -51.4726 -0.122721
287 -30.0927 -51.6334 -0.156071
288 -28.9694 -51.6797 -0.1335
289 -27.7711 -51.721 -0.107593
290 -26.6175 -51.8172 -0.0841493
291 -25.5607 -51.8931 -0.0600796
292 -24.4872 -51.8709 -0.0484846
293 -23.3715 -51.9199 -0.16543
294 -22.3331 -52.1083 -0.142668
295 -21.2296 -52.2196 -0.0827327
296 -20.0817 -52.1298 0.174745
297 -19.5824 -51.8209 0.793174
298 -19.3157 -51.3234 1.32212
299 -19.2059 -49.9319 1.62563
300 -19.1457 -48.8947 1.61536
301 -19.061 -47.8353 1.52375
302 -18.9773 -46.7236 1.49679
303 -18.9039 -45.6778 1.47687
304 -18.7435 -44.7558 1.45987
305 -18.6012 -43.6503 1.46569
306 -18.4892 -42.6467 1.49134
307 -18.3506 -41.5524 1.4656
308 -18.1988 -40.4457 1.43747
309 -18.0729 -39.3998 1.46168
310 -17.9706 -38.3206 1.44285
311 -17.8645 -37.3499 1.50714
312 -17.822 -36.277 1.69939
313 -17.9769 -35.8217 2.31051
314 -18.714 -35.429 -3.50305
315 -19.6736 -35.1749 -3.17193
316 -20.7244 -35.1451 -3.19479
317 -21.7681 -35.0687 -3.20454
318 -22.8333 -34.9685 -3.21752
319 -23.8954 -34.8861 -3.22602
320 -24.9907 -34.7824 -3.23017
321 -26.0311 -34.6314 -3.24479
322 -27.0086 -34.481 -3.2617
323 -27.9664 -34.3317 -3.28132
324 -29.0185 -34.1975 -3.21337
325 -30.0835 -34.1272 -3.23194
326 -31.0742 -33.9882 -3.23719
327 -32.1486 -33.8779 -3.2549
328 -33.207 -33.766 -3.21159
329 -34.2336 -33.6674 -3.18715
330 -35.2352 -33.5595 -3.22755
331 -36.392 -33.4564 -3.2428
332 -37.3542 -33.3279 -3.24743
333 -38.2908 -33.2206 -3.23929
334 -39.3823 -33.1091 -3.24714
335 -40.3896 -32.9948 -3.26049
336 -41.3912 -32.8495 -3.27159
337 -42.4579 -32.7678 -3.18093
338 -43.5429 -32.6777 -3.2271
339 -44.5702 -32.5588 -3.23429
340 -45.6955 -32.3766 -3.24787
341 -46.6019 -32.2404 -3.25537
342 -47.6625 -32.0939 -3.26596
343 -48.6282 -31.9468 -3.23708
344 -49.623 -31.7967 -3.23566
345 -50.8028 -31.6632 -3.25207
346 -51.8786 -31.5263 -3.25836
347 -52.856 -31.4054 -3.13905
348 -53.8214 -31.3992 -3.12079
349 -54.8793 -31.341 -3.20261
350 -55.9661 -31.2595 -3.20945
351 -57.0136 -31.1413 -3.2146
352 -57.9744 -31.0361 -3.24883
353 -59.0843 -30.8928 -3.25867
354 -60.127 -30.7524 -3.26758
355 -61.1468 -30.5867 -3.27545
356 -62.1737 -30.4474 -3.28466
357 -63.1768 -30.289 -3.29007
358 -64.1873 -30.1529 -3.24713
359 -65.2802 -30.0934 -3.1316
360 -66.2969 -30.0174 -3.21054
361 -67.2954 -29.9234 -3.21412
362 -68.382 -29.7824 -3.21671
363 -69.4204 -29.688 -3.22664
364 -70.5063 -29.5633 -3.23125
365 -71.5364 -29.433 -3.27292
366 -72.5587 -29.2894 -3.27938
367 -73.5783 -29.1213 -3.27975
368 -74.6013 -28.9759 -3.2851
369 -75.6025 -28.793 -3.28815
370 -76.5977 -28.6286 -3.30308
371 -77.6573 -28.4532 -3.30274
372 -78.6904 -28.2588 -3.30563
373 -79.6651 -28.0751 -3.27733
374 -80.7569 -27.8924 -3.2737
375 -81.8339 -27.7621 -3.22207
376 -82.9136 -27.656 -3.22644
377 -83.857 -27.5847 -3.22994
378 -85.0169 -27.4906 -3.23874
379 -86.1569 -27.3604 -3.23834
380 -87.1538 -27.243 -3.24009
381 -88.2321 -27.1255 -3.23934
382 -89.2731 -26.9904 -3.24181
383 -90.2592 -26.8514 -3.25136
384 -91.2869 -26.7485 -3.25051
385 -92.304 -26.6237 -3.25786
386 -93.4371 -26.4822 -3.26636
387 -94.4514 -26.3578 -3.26969
388 -95.5644 -26.1756 -3.26954
389 -96.6099 -26.0256 -3.27902
390 -97.7035 -25.878 -3.28117
391 -98.9285 -25.6964 -3.25628
392 -99.9234 -25.5595 -3.25234
393 -100.969 -25.4305 -3.26053
394 -102.174 -25.2752 -3.26689
395 -103.179 -25.1313 -3.25648
396 -104.196 -24.9925 -3.25512
397 -105.189 -24.8597 -3.25585
398 -106.342 -24.6867 -3.26031
399 -107.348 -24.5205 -3.27335
400 -108.336 -24.3527 -3.19257
401 -109.328 -24.271 -3.16941
402 -110.413 -24.2697 -3.08768
403 -111.495 -24.3255 -3.1035
404 -112.569 -24.2637 -3.19658
405 -113.772 -24.0774 -3.26111
406 -114.653 -23.9494 -3.25709
407 -115.646 -23.7369 -3.24861
408 -116.729 -23.6017 -3.25088
409 -117.721 -23.4439 -3.25963
410 -118.736 -23.2593 -3.28427
411 -119.598 -23.0149 -3.38737
412 -120.644 -22.795 -3.20778
413 -121.673 -22.5888 -3.20645
414 -122.627 -22.4883 -3.21356
415 -123.596 -22.4006 -3.22168
416 -124.697 -22.2294 -3.21991
417 -125.781 -22.1045 -3.21339
418 -126.877 -21.9128 -3.22318
419 -127.891 -21.7833 -3.10675
420 -128.659 -21.9703 -2.58999
421 -128.958 -22.276 -1.93471
422 -128.979 -23.2892 -1.52213
423 -128.961 -24.3158 -1.50489
424 -128.984 -25.2625 -1.49554
425 -128.974 -26.3116 -1.56326
426 -128.915 -27.3131 -1.5724
427 -128.981 -28.4049 -1.63639
428 -129.069 -29.44 -1.63017
429 -129.169 -30.4395 -1.61654
430 -129.18 -31.4923 -1.61192
431 -129.23 -32.4738 -1.57732
432 -129.228 -33.6038 -1.6168
433 -129.35 -34.6035 -1.71115
434 -129.583 -35.6275 -1.69982
435 -129.807 -36.6433 -1.68895
436 -129.948 -37.7439 -1.66608
437 -130.04 -38.2039 -1.06421
438 -129.838 -38.3845 -0.55478
439 -129.623 -38.4812 -0.0669058
440 -128.553 -38.623 -0.0833812
441 -127.554 -38.7406 -0.0860045
442 -126.591 -38.9023 -0.0919424
443 -125.404 -39.073 -0.0941697
444 -124.295 -39.1866 -0.0998123
445 -123.443 -39.2409 -0.104882
446 -122.318 -39.4706 -0.129595
447 -121.38 -39.727 -0.251486
448 -120.339 -39.9703 -0.342218
449 -119.278 -40.1684 -0.197289
450 -118.197 -40.152 -0.116131
451 -117.19 -40.2367 -0.0913011
452 -116.125 -40.2829 -0.0993462
453 -115.016 -40.3629 -0.102507
454 -114.146 -40.5059 -0.105647
455 -113.103 -40.5458 -0.105644
456 -112.126 -40.7411 -0.109642
457 -111.029 -40.9023 -0.125301
458 -109.913 -40.9945 -0.116332
459 -108.982 -41.0944 -0.135335
460 -107.967 -41.2799 -0.145863
461 -106.968 -41.4377 -0.143497
462 -105.908 -41.4787 -0.147693
463 -104.981 -41.6741 -0.131923
464 -103.933 -41.8667 -0.101952
465 -102.885 -41.9683 -0.124125
466 -101.777 -42.1366 -0.061753
467 -100.757 -42.152 -0.0772665
468 -99.7382 -42.3417 -0.0925651
469 -98.7846 -42.4499 -0.0915552
470 -97.7698 -42.5632 -0.121189
471 -96.6299 -42.6727 -0.134865
472 -95.5671 -42.7758 -0.156567
473 -94.4402 -43.0137 -0.18423
474 -93.2959 -43.1672 -0.173212
475 -92.2302 -43.2888 -0.120246
476 -91.1867 -43.3917 -0.135766
477 -90.1491 -43.5466 -0.133927
478 -89.0815 -43.6776 -0.150437
479 -88.1309 -43.8653 -0.156772
480 -87.1157 -44.0714 -0.16672
481 -86.0039 -44.2378 -0.142358
482 -84.9311 -44.3633 -0.0580714
483 -83.861 -44.4568 -0.0836791
484 -82.7957 -44.54 -0.113151
485 -81.7203 -44.6902 -0.132345
486 -80.5455 -44.9011 -0.14192
487 -79.554 -45.0743 -0.169156
488 -78.5199 -45.2208 0.0492027
489 -77.4599 -45.0179 0.43842
490 -76.6897 -44.4524 0.930923
491 -76.3066 -43.5549 1.35637
492 -76.2792 -42.513 1.7536
493 -76.4002 -41.4601 1.6592
494 -76.3601 -40.3767 1.51519
495 -76.2669 -39.3212 1.47391
496 -76.1542 -38.2396 1.44071
497 -76.0184 -37.1046 1.49867
498 -75.8602 -36.0078 1.47446
499 -75.7186 -34.9833 1.4321
500 -75.4976 -33.9588 1.40683
501 -75.313 -32.9526 1.39607
502 -75.0444 -32.0511 1.40349
503 -74.9365 -30.9972 1.51629
504 -74.9004 -29.9551 1.78526
505 -75.1987 -29.4062 2.31788
506 -75.6773 -29.0656 -3.42781
507 -76.741 -28.7789 -3.39548
508 -77.7881 -28.5817 -3.23353
509 -78.7853 -28.515 -3.22257
510 -79.8415 -28.3921 -3.209
511 -80.904 -28.2475 -3.21808
512 -81.9705 -28.1679 -3.22741
513 -83.0316 -28.0658 -3.20189
514 -84.0071 -28.0053 -3.1819
515 -85.116 -27.9594 -3.16872
516 -86.008 -27.935 -3.09695
517 -87.0869 -27.9146 -3.52092
518 -88.0158 -27.5221 -3.36655
519 -89.0265 -27.2863 -3.36214
520 -90.0504 -27.0261 -3.36045
521 -91.0332 -26.8093 -3.34403
522 -92.0484 -26.5733 -3.3396
523 -93.1775 -26.3536 -3.34335
524 -94.1585 -26.1841 -3.28036
525 -95.1653 -26.0351 -3.27235
526 -96.1759 -25.8759 -3.26197
527 -97.2041 -25.7576 -3.24669
528 -98.2187 -25.6644 -3.24268
529 -99.2915 -25.479 -3.31141
530 -100.292 -25.2909 -3.30456
531 -101.26 -25.107 -3.29824
532 -102.308 -24.9303 -3.29361
533 -103.343 -24.7677 -3.29048
534 -104.395 -24.6029 -3.27377
535 -105.513 -24.4125 -3.27601
536 -106.512 -24.2099 -3.36911
537 -107.447 -23.9401 2.67909
538 -108.392 -23.4575 2.33816
539 -108.911 -22.5684 1.98575
540 -109.214 -21.6035 1.61376
541 -109.237 -20.5589 1.52267
542 -109.162 -19.4146 1.50439
543 -109.064 -18.3797 1.48133
544 -108.825 -17.2917 1.45209
545 -108.736 -16.3843 1.57205
546 -108.592 -15.3791 1.46433
547 -108.452 -14.4268 1.495
548 -108.23 -13.3297 1.48326
549 -108.154 -12.3572 1.46039
550 -108.036 -11.4408 1.48468
551 -107.941 -10.3838 1.46321
552 -107.856 -9.38453 1.44027
553 -107.737 -8.40108 1.40919
554 -107.58 -7.39825 1.2817
555 -107.223 -6.93626 0.755541
556 -106.297 -6.79138 0.363978
557 -105.645 -6.48468 1.04049
558 -105.383 -5.67107 1.5059
559 -105.404 -4.6931 1.54822
560 -105.319 -3.70471 1.5425
561 -105.278 -2.63416 1.49598
562 -105.163 -1.68396 1.48446
563 -104.995 -0.597898 1.47224
564 -104.873 0.385845 1.48229
565 -104.815 1.33643 1.5181
566 -104.735 2.30089 1.50491
567 -104.579 3.18562 1.48412
568 -104.452 4.27078 1.45423
569 -104.308 5.35935 1.5077
570 -104.224 6.32197 1.49235
571 -104.151 7.36148 1.48179
572 -104.06 8.35185 1.48305
573 -103.916 9.38997 1.47406
574 -103.813 10.4356 1.45708
575 -103.652 11.4494 1.44607
576 -103.5 12.4356 1.42719
577 -103.306 13.4302 1.42338
578 -103.156 14.4263 1.47819
579 -103.012 15.4551 1.28858
580 -102.846 15.796 0.737268
581 -102.518 15.9813 0.0876728
582 -101.414 15.9869 0.0323684
583 -100.389 15.9533 0.00296663
584 -99.4477 15.9861 0.00814639
585 -98.8178 16.0762 0.679866
586 -98.5861 16.3708 1.25225
587 -98.5769 17.1241 1.66746
588 -98.6016 18.165 1.55013
589 -98.5276 19.1895 1.42332
590 -98.3019 20.1752 1.39013
591 -98.2788 21.0851 2.07764
592 -98.4944 21.3536 2.66654
593 -98.952 21.4711 -3.02205
594 -99.2302 21.3941 -2.46498
595 -99.8679 20.6954 -2.55033
596 -100.212 20.5714 -3.23892
597 -100.528 20.6788 2.53385
598 -100.579 20.8649 2.01631
599 -100.682 21.1116 1.4966
600 -100.651 21.3599 0.98036
601 -100.514 21.5031 0.46725
602 -99.5174 21.6587 0.0297229
603 -98.5125 21.673 -0.00495581
604 -97.5149 21.6495 -0.0378808
605 -96.3967 21.5628 -0.0643506
606 -95.3199 21.4363 -0.093171
607 -94.2767 21.2781 -0.126383
608 -93.2838 21.1097 -0.154706
609 -92.2166 20.8735 -0.190707
610 -91.277 20.725 -0.10308
611 -90.2704 20.5768 -0.13245
612 -89.2045 20.4213 -0.0952167
613 -88.242 20.2991 -0.117424
614 -87.248 20.1566 -0.152498
615 -86.1577 20.0088 -0.0530248
616 -85.0585 19.8869 -0.0821858
617 -84.0737 19.7513 -0.113286
618 -82.8852 19.5723 -0.149935
619 -82.0117 19.3988 -0.170587
620 -81.0267 19.1689 -0.192677
621 -79.9252 18.9158 -0.226278
622 -78.9287 18.6562 -0.261565
623 -77.9061 18.5822 0.162632
624 -76.8502 18.6879 0.144083
625 -75.7972 18.7959 0.127942
626 -74.752 18.9015 0.105437
627 -73.7232 18.9947 0.085293
628 -72.6513 19.0359 0.0644555
629 -71.6191 19.0473 0.0471954
630 -70.5894 19.0767 0.0273445
631 -69.5364 18.9818 -0.120158
632 -68.4996 18.7991 -0.14031
633 -67.4331 18.6057 -0.170436
634 -66.4782 18.426 -0.108882
635 -65.4773 18.2782 -0.122701
636 -64.5456 18.1735 -0.0457936
637 -63.4739 18.1299 -0.0287226
638 -62.3576 18.0577 -0.0465931
639 -61.2702 17.9657 -0.0656009
640 -60.2666 17.8512 -0.0870717
641 -59.186 17.7308 -0.109681
642 -58.3468 17.621 -0.132311
643 -57.239 17.4592 -0.0599792
644 -56.1321 17.3595 -0.0745553
645 -55.0703 17.2213 -0.0930353
646 -54.0532 17.1182 -0.042596
647 -53.1258 17.0591 -0.0603478
648 -52.0926 16.9761 -0.0765182
649 -51.0055 16.8506 -0.0353154
650 -49.9476 16.8283 -0.013696
651 -48.9251 16.7718 -0.0291468
652 -47.8762 16.7244 -0.0452986
653 -46.7853 16.623 -0.0588177
654 -45.7315 16.5133 -0.0720404
655 -44.7197 16.4712 -0.020915
656 -43.664 16.4022 -0.0317514
657 -42.6387 16.3468 -0.0505287
658 -41.4501 16.2481 -0.0692428
659 -40.4071 16.1526 -0.090352
660 -39.4145 16.0412 -0.101572
661 -38.4465 15.8849 -0.115268
662 -37.4195 15.7717 -0.132707
663 -36.2954 15.6119 -0.0899598
664 -35.3209 15.4447 -0.156965
665 -34.2916 15.3101 -0.0699231
666 -33.3449 15.195 -0.0799724
667 -32.124 15.0858 -0.0956515
668 -31.0719 14.9401 -0.103624
669 -30.0373 14.8043 -0.109996
670 -29.0998 14.6506 -0.124774
671 -28.0571 14.4893 -0.136257
672 -27.037 14.297 -0.272633
673 -26.6141 14.0448 0.0552095
674 -25.4431 14.085 0.131151
675 -24.6193 14.1878 -0.024358
676 -23.5361 14.1111 -0.0553594
677 -22.5424 14.012 0.00143521
678 -21.3768 13.9794 0.0021563
679 -20.4095 14.0153 0.0421601
680 -19.3434 14.045 0.0321531
681 -18.356 13.9595 -0.130781
682 -17.2712 13.8024 -0.130828
683 -16.2079 13.6472 -0.135404
684 -15.3281 13.4601 -0.109874
685 -14.2161 13.3869 -0.0377214
686 -13.2061 13.3191 -0.0384314
687 -12.1232 13.2411 -0.0556864
688 -11.0093 13.1196 -0.0631098
689 -9.98942 13.056 -0.000785972
690 -8.97379 12.9754 -0.0194013
691 -7.99848 12.9255 0.0373625
692 -6.94854 12.9395 0.0444947
693 -5.96379 12.9421 0.0392581
694 -4.92522 12.962 0.00774846
695 -3.90155 12.8578 -0.214002
696 -3.56533 12.6591 -0.727965
697 -3.32181 12.3362 -1.26716
698 -3.28535 11.2624 -1.54352
699 -3.28003 10.2215 -1.59117
700 -3.36103 9.21393 -1.61346
701 -3.42464 8.19518 -1.65877
702 -3.55241 7.14725 -1.69077
703 -3.75562 6.02951 -1.71277
704 -3.85615 5.03793 -1.61944
705 -3.94237 3.99725 -1.54724
706 -3.81731 2.98407 -1.27876
707 -3.5239 2.01005 -1.2652
708 -3.17065 1.03443 -0.972662
709 -2.4498 0.309173 -0.569341
710 -1.5571 -0.270149 -0.568617
711 -0.68855 -0.731841 -0.153358
712 0.33029 -0.635985 0.311355
713 1.23736 -0.337788 0.436353
714 2.26815 -0.183401 0.056347
715 3.32274 -0.218298 -0.0197971
716 4.38003 -0.273499 -0.0251265
717 5.38334 -0.314078 -0.0295624
718 6.36304 -0.367255 -0.0238651
719 7.3666 -0.408467 -0.0202059
720 8.38364 -0.449587 -0.00718909
721 9.48264 -0.487103 -0.0118043
722 10.4983 -0.52944 -0.0110143
723 11.5437 -0.560271 -0.0240258
724 12.4946 -0.742454 -0.672929
725 12.6737 -1.02062 -1.27103
726 12.8877 -1.98877 -1.38199
727 12.866 -2.99981 -1.66227
728 12.7767 -4.01241 -1.67841
729 12.6156 -5.07759 -1.71785
730 12.4295 -6.04168 -1.74001
731 12.1971 -7.09752 -1.69505
732 12.0878 -8.14928 -1.63433
733 11.9927 -9.18483 -1.57929
734 11.98 -10.1978 -1.58303
735 11.9281 -11.1802 -1.6114
736 11.8683 -12.229 -1.52704
737 11.8848 -13.2868 -1.55373
738 11.8797 -14.2966 -1.57723
739 11.8366 -15.3399 -1.60524
740 11.7628 -16.4425 -1.62461
741 11.6948 -17.4859 -1.59643
742 11.6467 -18.51 -1.59309
743 11.591 -19.5552 -1.61282
744 11.5331 -20.5085 -1.5719
745 11.4793 -21.6126 -1.60129
746 11.4083 -22.5687 -1.60168
747 11.339 -23.6033 -1.63371
748 11.193 -24.7909 -1.64243
749 11.05 -25.8618 -1.6672
750 10.97 -26.8573 -1.63849
751 10.8486 -27.9043 -1.66003
752 10.7668 -28.8944 -1.68087
753 10.5999 -29.8828 -1.65831
754 10.4873 -31.0385 -1.68681
755 10.3389 -32.0126 -1.6561
756 10.2119 -33.083 -1.68632
757 10.0629 -34.2216 -1.69862
758 9.8962 -35.2357 -1.60598
759 9.89011 -36.2371 -1.55966
760 9.86361 -37.2364 -1.57138
761 9.84754 -38.1874 -1.58384
762 9.79521 -39.2354 -1.60645
763 9.73905 -40.3199 -1.60659
764 9.66857 -41.3275 -1.61816
765 9.58641 -42.3993 -1.55612
766 9.58586 -43.4607 -1.58751
767 9.53317 -44.4708 -1.59977
768 9.47988 -45.5195 -1.59998
769 9.4004 -46.6181 -1.61775
770 9.34677 -47.6225 -1.63122
771 9.21998 -48.7004 -1.62804
772 9.20831 -49.7308 -1.54935
773 9.17652 -50.3885 -2.11054
774 8.94552 -50.586 -2.63891
775 7.95151 -50.7651 -3.01942
776 6.94709 -50.8691 -3.05518
777 5.94168 -50.808 -3.20892
778 4.90247 -50.7382 -3.22914
779 3.826 -50.675 -3.20655
780 2.85741 -50.5778 -3.24226
781 1.81946 -50.4369 -3.26419
782 0.759971 -50.2679 -3.29764
783 -0.25685 -50.1273 -3.21415
784 -1.30028 -50.0095 -3.25339
785 -2.323 -49.9021 -3.20906
786 -3.39869 -49.806 -3.252
787 -4.46946 -49.6697 -3.2909
788 -5.41443 -49.3703 2.39404
789 -5.53418 -49.1781 1.84225
790 -5.53416 -48.9368 1.24211
791 -5.10237 -48.3139 1.22152
792 -5.08116 -48.0513 1.77669
793 -5.25802 -47.7541 2.59867
794 -5.50347 -47.6766 -3.07544
795 -5.76574 -47.7737 -2.41137
796 -5.8678 -47.954 -1.7127
797 -5.67347 -48.6946 -1.26798
798 -5.60139 -49.4574 -1.36715
799 -5.49461 -49.6952 -0.766039
800 -5.29814 -49.8454 -0.0772328
801 -4.25813 -49.7691 0.00172654
802 -3.2196 -49.8401 -0.122202
803 -2.20149 -49.9712 -0.0969696
804 -1.35589 -50.2639 -0.700656
805 -1.17382 -50.4801 -1.31036
806 -1.21494 -50.8496 -1.9041
807 -1.44446 -51.426 -1.59797
808 -1.38781 -52.528 -1.48708
809 -1.3145 -53.5395 -1.49618
810 -1.30158 -54.5291 -1.55282
811 -1.32248 -55.628 -1.56049
812 -1.32164 -56.601 -1.54466
813 -1.30929 -57.6926 -1.55096
814 -1.45463 -58.7091 -1.75483
815 -1.61872 -59.7261 -1.63627
816 -1.71322 -60.7504 -1.62082
817 -1.81449 -61.7559 -1.6061
818 -1.81774 -62.7764 -1.57354
819 -1.76516 -63.429 -0.900948
820 -1.57888 -63.6032 -0.200759
821 -0.569595 -63.8179 -0.195606
822 0.465955 -63.9928 -0.0587616
823 1.47154 -64.09 -0.019786
824 2.47162 -64.1373 -0.0260176
825 3.4967 -64.2585 -0.100613
826 4.58974 -64.3721 -0.0868179
827 5.65124 -64.4107 0.0310007
828 6.65021 -64.4237 0.0674653
829 7.74951 -64.3316 0.105761
830 8.80748 -64.3283 -0.0471262
831 9.80498 -64.414 -0.0186847
832 10.8877 -64.4624 -0.00379609
833 11.9313 -64.4954 0.0165006
834 12.9967 -64.4942 -0.0590029
835 14.0158 -64.5659 -0.053717
836 15.0515 -64.6335 -0.0214379
837 16.0406 -64.6524 -0.00139188
838 17.0521 -64.6578 -0.0176134
839 18.0251 -64.6855 -0.00208894
840 19.0597 -64.6586 0.440469
841 19.2275 -64.5177 1.09203
842 19.302 -64.3158 1.7755
843 19.2188 -63.234 1.5364
844 19.2686 -62.2377 1.52764
845 19.4569 -61.1316 1.45556
846 19.6262 -60.1304 1.43774
847 19.8105 -59.0332 1.43989
848 19.9751 -57.9728 1.44509
849 20.1283 -57.0212 1.4365
850 20.2656 -55.9986 1.53337
851 20.3319 -54.8713 1.51071
852 20.4364 -53.8162 1.53006
853 20.5165 -52.7276 1.52796
854 20.5485 -52.0536 2.10345
855 20.3031 -51.8536 2.75965
856 19.3071 -51.7155 -3.23704
857 18.2865 -51.5718 -3.2551
858 17.1733 -51.4074 -3.24464
859 16.1857 -51.2605 -3.2655
860 15.172 -51.1041 -3.29891
861 14.1496 -50.9521 -3.23727
862 13.1508 -50.7957 -3.26499
863 12.1534 -50.6687 -3.08892
864 11.0937 -50.6867 -3.09811
865 10.1969 -50.625 2.68235
866 10.0114 -50.4449 2.09588
867 9.92519 -50.1926 1.49596
868 10.0375 -49.2288 1.59306
869 10.0788 -48.1753 1.49018
870 10.0669 -47.2114 1.68319
871 9.99393 -46.1811 1.62182
872 9.98465 -45.094 1.60627
873 9.95559 -44.0559 1.57994
874 9.8855 -42.9533 1.54259
875 9.97894 -41.8514 1.52826
876 10.0637 -40.7259 1.51286
877 10.1857 -39.5038 1.52274
878 10.278 -38.7178 1.4717
879 10.4058 -37.7323 1.45143
880 10.51 -36.7451 1.48724
881 10.6118 -35.7213 1.47088
882 10.712 -34.6197 1.49561
883 10.806 -33.5986 1.47423
884 10.9373 -32.5458 1.44616
885 11.119 -31.5091 1.43268
886 11.2535 -30.4588 1.47321
887 11.3268 -29.4295 1.57019
888 11.3753 -28.4183 1.54517
889 11.386 -27.3866 1.51014
890 11.4982 -26.2539 1.49648
891 11.591 -25.2832 1.48154
892 11.7293 -24.1516 1.45772
893 11.8816 -23.1511 1.55098
894 11.954 -22.0372 1.5386
895 11.994 -21.0589 1.52745
896 12.102 -20.0235 1.51477
897 12.2273 -18.9927 1.47383
898 12.2962 -17.7375 1.66598
899 12.1984 -16.77 1.62139
900 12.2101 -15.7661 1.39071
901 12.5049 -14.9355 1.35428
902 12.524 -14.5144 1.87623
903 12.369 -14.2317 2.38946
904 12.1382 -14.0094 -3.34975
905 11.8008 -13.9817 -2.83098
906 11.283 -14.3028 -2.31055
907 11.0872 -14.5398 -1.75286
908 11.0612 -15.077 -1.20688
909 11.2374 -15.4542 -0.674616
910 11.5611 -15.6624 -0.154354
911 11.9858 -15.6247 0.384779
912 12.3889 -15.3043 0.975057
913 12.4839 -15.0511 1.50328
914 12.3741 -14.5894 1.97171
915 11.8843 -13.7141 2.07257
916 11.7645 -12.7785 1.62657
917 12.0156 -11.744 1.22691
918 12.3061 -10.7497 1.31468
919 12.5035 -9.69801 1.50461
920 12.6387 -8.59841 1.46272
921 12.7736 -7.70692 1.4485
922 12.8863 -6.67145 1.57904
923 12.9142 -5.60458 1.54537
924 12.8568 -4.58131 1.74369
925 12.8692 -3.51801 1.54336
926 12.9405 -2.51404 1.50288
927 12.9955 -1.52654 1.94542
928 12.9073 -1.25813 2.53416
929 12.4526 -1.10195 -3.25585
930 11.4384 -0.931592 -3.25964
931 10.4541 -0.791384 -3.27726
932 9.50472 -0.589524 -3.29279
933 8.45634 -0.40487 -3.30406
934 7.39437 -0.17347 -3.27835
935 6.33399 -0.0758799 -3.14912
936 5.42486 -0.065048 -3.18005
937 4.4188 0.00104101 -3.15593
938 3.40513 -0.00303077 -3.12373
939 2.24003 -0.011562 -3.14217
940 1.16456 0.0673054 -3.15217
941 0.140883 0.0819326 -3.0931
942 -0.867313 0.0848632 -3.10105
943 -1.92711 0.125652 -3.26473
944 -2.3144 0.210299 2.50489
945 -3.12878 0.909344 2.38229
946 -3.66206 1.68486 1.79684
947 -3.69155 2.71446 1.63221
948 -3.70132 3.72547 1.59147
949 -3.57937 4.76551 1.4635
950 -3.40449 5.80275 1.4327
951 -3.26528 6.82933 1.48436
952 -3.13792 7.82155 1.45743
953 -3.00723 8.84038 1.49361
954 -2.89662 9.87493 1.47486
955 -2.85886 10.8993 1.60014
956 -2.91982 11.9563 1.55365
957 -2.97019 12.8861 1.53283
958 -2.91808 13.9224 1.49272
959 -2.87424 14.9368 1.44907
960 -2.73092 15.9227 1.35178
961 -2.58688 16.9439 1.47735
962 -2.44892 17.9833 1.46953
963 -2.36284 19.005 1.42906
964 -2.24779 20.0698 1.38897
965 -2.07073 21.1646 1.02072
966 -1.42186 21.9075 0.785958
967 -0.674774 22.6379 0.759349
968 0.0237719 23.4419 0.744541
969 0.790434 24.2264 0.631029
970 1.63655 24.6619 0.528711
971 2.60327 25.0726 0.0421701
972 3.68774 24.8513 -0.283228
973 4.64909 24.5181 -0.305416
974 5.73227 24.0883 -0.317511
975 6.72706 23.8173 -0.00416689
976 7.79997 23.7492 -0.00678587
977 8.88598 23.6243 -0.0355144
978 10.0127 23.5662 -0.074887
979 10.9843 23.4721 -0.112985
980 11.9985 23.3389 -0.123753
981 12.916 23.2078 -0.147924
982 13.3711 23.1759 0.373421
983 13.6514 23.3455 0.963538
984 13.9631 24.2752 1.45012
985 14.087 25.2811 1.28021
986 14.4433 26.829 1.26373
987 14.4986 27.616 1.55946
988 14.5884 28.6284 1.42604
989 14.7484 29.4677 1.40858
990 14.9217 30.5769 1.39379
991 15.0814 31.6609 1.40001
992 15.2004 32.7677 1.4092
993 15.3352 33.7901 1.39931
994 15.4997 34.8119 1.39156
995 15.6931 35.8821 1.40209
996 15.8634 37.0431 1.48511
997 15.947 38.1966 1.45969
998 16.0611 39.2068 1.48978
999 16.0967 40.2696 1.46915
1000 16.1896 41.2366 1.41891
1001 16.2608 42.3422 1.40756
1002 16.3352 43.1311 1.39498
1003 16.4831 44.1252 1.41888
1004 16.6025 45.1809 1.39805
1005 16.795 46.237 1.40147
1006 16.9217 47.1364 1.37173
1007 17.073 48.2454 1.49028
1008 17.1086 49.3109 1.4891
1009 17.2165 50.2729 1.47331
1010 17.3934 51.2769 1.16955
1011 17.6785 52.2075 1.39177
1012 17.769 53.1873 1.43693
1013 17.8596 54.179 1.4194
1014 18.0916 55.1892 1.42133
1015 18.2964 56.4749 1.4051
1016 18.4719 57.3779 1.40482
1017 18.5606 58.2694 1.39235
1018 18.7789 59.4683 1.39516
1019 18.9984 60.572 1.38054
1020 19.1955 61.5801 1.40071
1021 19.4431 62.6978 1.38139
1022 19.5527 63.622 1.37741
1023 19.7812 64.697 1.35185
1024 19.9456 65.6535 1.34173
1025 20.2243 66.7699 1.33807
1026 20.5324 67.7571 1.24259
1027 20.6918 68.906 1.47319
1028 20.8393 69.8981 1.49031
1029 20.9322 70.9396 1.45251
1030 21.0756 71.9297 1.43978
1031 21.194 72.9428 1.42092
1032 21.3477 73.9396 1.41129
1033 21.5781 75.0841 1.4102
1034 21.7354 76.0333 1.43166
1035 21.8999 77.1111 1.4125
1036 22.046 78.2166 1.40767
1037 22.1868 79.1598 1.39405
1038 22.3528 80.1195 1.37219
1039 22.5282 81.1276 1.36895
1040 22.7161 82.0535 1.35059
1041 22.9391 83.1077 1.34206
1042 23.2489 84.0729 1.3374
1043 23.5174 85.0677 1.33749
1044 23.8147 86.1422 1.33983
1045 23.9608 87.0716 1.28872
1046 24.1893 88.0551 1.48544
1047 24.2034 89.0128 1.4922
1048 24.224 89.9622 1.46711
1049 24.3851 91.1442 1.37655
1050 24.5015 92.2669 1.36804
1051 24.7305 93.255 1.38013
1052 24.9365 94.146 1.3745
1053 25.1652 95.1435 1.42594
1054 25.0374 95.6298 2.09184
1055 24.6434 95.8785 -3.44628
1056 23.6092 96.1087 -3.43236
1057 22.5614 96.3994 -3.3894
1058 21.593 96.6783 -3.40343
1059 21.0873 96.8234 2.33625
1060 20.875 97.1961 1.64404
1061 20.8938 98.1649 1.50771
1062 20.959 99.1197 1.50281
1063 21.0937 100.108 1.50487
1064 21.1291 101.205 1.59773
1065 21.2348 102.196 1.34761
1066 21.4572 103.186 1.418
1067 21.6074 104.188 1.42461
1068 21.7623 105.234 1.42753
1069 21.9334 106.226 1.43079
1070 22.0547 107.226 1.2183
1071 22.7153 107.988 0.85384
1072 23.3735 108.705 0.834685
1073 23.8569 109.485 1.25871
1074 24.1755 110.433 1.25583
1075 24.432 111.546 1.43487
1076 24.6003 112.825 1.45162
1077 24.6719 113.881 1.69842
1078 24.4179 114.493 2.2021
1079 23.9252 114.885 -3.55071
1080 22.677 115.139 -3.24606
1081 21.4629 115.161 -3.2344
1082 20.3833 115.305 -3.24272
1083 19.2761 115.469 -3.23194
1084 18.2763 115.466 -3.19775
1085 17.1713 115.599 -3.37959
1086 16.0309 115.856 -3.35138
1087 15.0191 116.133 -3.3832
1088 13.904 116.407 -3.34603
1089 12.9077 116.68 -3.31402
1090 11.886 116.865 -3.30287
1091 10.7274 117.122 -3.26365
1092 9.69303 117.239 -3.21683
1093 8.65616 117.321 -3.19455
1094 7.61969 117.433 -3.17659
1095 6.53606 117.489 -3.16215
1096 5.60438 117.507 -3.20979
1097 4.5213 117.642 -3.21343
1098 3.56516 117.701 -3.19299
1099 2.47532 117.705 -3.23144
1100 1.30746 117.854 -3.22177
1101 0.349686 117.906 -3.20643
1102 -0.774641 118.076 -3.25842
1103 -1.95158 118.183 -3.2701
1104 -2.9964 118.243 -3.24532
1105 -4.17553 118.395 -3.2225
1106 -5.41423 118.484 -3.19974
1107 -6.54053 118.547 -3.20483
1108 -7.66995 118.673 -3.30828
1109 -8.61964 118.91 -3.30323
1110 -9.63203 119.179 -3.24648
1111 -10.7206 119.279 -3.21851
1112 -11.7591 119.369 -3.21993
1113 -12.7866 119.54 -3.20464
1114 -13.9617 119.653 -3.19212
1115 -15.0188 119.594 -2.95575
1116 -16.0867 119.429 -2.75702
1117 -17.062 118.914 -2.51188
1118 -17.915 118.288 -2.31802
1119 -18.6929 117.501 -2.20036
1120 -19.3416 116.668 -2.29559
1121 -20.0389 115.866 -2.32863
1122 -20.8529 115.209 -2.36975
1123 -21.6581 114.505 -2.33969
1124 -22.4997 113.768 -2.31137
1125 -23.1395 113.049 -1.93784
1126 -23.4819 112.003 -1.76671
1127 -23.6053 111.277 -1.2236
1128 -23.4298 110.587 -1.83912
1129 -23.4823 109.635 -1.64866
1130 -23.5216 109.4 -2.18
1131 -23.6122 109.31 -2.81068
1132 -23.7491 109.338 -3.47552
1133 -23.8386 109.435 2.12488
1134 -23.909 109.575 1.4542
1135 -23.7395 110.534 1.47137
1136 -23.6834 111.022 1.25286
1137 -23.7318 111.015 0.713906
1138 -23.7112 111.019 0.205012
1139 -23.6954 110.988 -0.377564
1140 -23.6816 110.997 -0.981329
1141 -23.6807 111.029 -1.48559
1142 -23.58 109.883 -1.46664
1143 -23.5466 108.841 -1.58785
1144 -23.7028 107.898 -1.75957
1145 -23.8422 106.817 -1.73453
1146 -24.0382 105.728 -1.70997
1147 -24.2347 104.706 -1.68998
1148 -24.4946 103.751 -1.67098
1149 -24.6221 102.771 -1.64558
1150 -24.751 101.818 -1.63634
1151 -24.7525 100.754 -1.58294
1152 -24.8259 99.6954 -1.54849
1153 -24.8495 98.4807 -1.53301
1154 -24.7833 97.4928 -1.50157
1155 -24.7273 96.56 -1.48246
1156 -24.7051 95.4302 -1.47936
1157 -24.6852 94.4099 -1.47214
1158 -24.6558 93.1124 -1.46392
1159 -24.7222 92.1008 -1.70446
1160 -24.8568 90.9568 -1.67984
1161 -25.0154 89.9387 -1.65798
1162 -25.1359 89.0155 -1.63024
1163 -25.1997 88.011 -1.6247
1164 -25.2289 86.7975 -1.60575
1165 -25.3301 85.8111 -1.5902
1166 -25.4464 84.712 -1.64838
1167 -25.6706 83.6246 -1.69076
1168 -25.8378 82.6177 -1.68335
1169 -26.1217 81.6261 -1.66586
1170 -26.1792 80.6356 -1.66855
1171 -26.236 79.5221 -1.64136
1172 -26.409 78.5431 -1.60575
1173 -26.5649 77.5801 -1.58024
1174 -26.5964 76.6608 -1.57079
1175 -26.7055 75.6308 -1.76851
1176 -26.9812 74.6484 -1.75004
1177 -27.2435 73.6876 -1.75017
1178 -27.4435 72.5891 -1.74805
1179 -27.5815 71.5914 -1.69804
1180 -27.742 70.5807 -1.68296
1181 -27.9457 69.3752 -1.67205
1182 -28.0855 68.3043 -1.66349
1183 -28.1504 67.2411 -1.51213
1184 -28.0225 66.222 -1.33015
1185 -27.8852 65.3594 -1.2935
1186 -27.6508 64.4903 -1.33404
1187 -27.4908 63.3615 -1.39773
1188 -27.3969 62.2387 -1.56045
1189 -27.4104 61.1007 -1.63774
1190 -27.5314 60.1467 -1.68936
1191 -27.6214 58.9845 -1.68385
1192 -27.7387 57.9867 -1.712
1193 -27.885 56.9488 -1.71477
1194 -28.1789 55.7909 -1.69142
1195 -28.3187 54.7064 -1.68677
1196 -28.5935 53.4612 -1.6859
1197 -28.6923 52.4303 -1.65932
1198 -28.8067 51.4194 -1.65859
1199 -28.9205 50.2814 -1.67037
1200 -29.1705 49.2359 -1.63878
1201 -29.2707 48.3009 -1.60845
1202 -29.3162 47.257 -1.60001
1203 -29.421 46.2241 -1.59582
1204 -29.4717 45.2556 -1.68976
1205 -29.7196 44.281 -1.7608
1206 -30.0947 43.264 -1.72418
1207 -30.2874 42.1891 -1.71986
1208 -30.5673 41.2115 -1.71898
1209 -30.7541 40.2262 -1.71929
1210 -30.8814 39.1635 -1.70657
1211 -31.1415 38.2181 -1.69895
1212 -31.3425 37.1951 -1.67787
1213 -31.4604 36.0851 -1.67285
1214 -31.6167 35.0014 -1.64862
1215 -31.8248 33.9297 -1.63895
1216 -32.0064 32.8892 -1.65981
1217 -32.2784 31.9242 -1.70953
1218 -32.4713 30.7755 -1.67892
1219 -32.6457 29.757 -1.67286
1220 -32.8826 28.6736 -1.66778
1221 -33.0532 27.64 -1.66637
1222 -33.2355 26.6424 -1.6479
1223 -33.3451 25.6914 -1.64739
1224 -33.4694 24.6713 -1.64215
1225 -33.6105 23.7668 -1.63565
1226 -33.7094 22.8391 -1.61213
1227 -33.7819 21.7777 -1.5994
1228 -33.9112 20.7881 -1.59925
1229 -33.9475 19.7233 -1.58156
1230 -33.9578 18.714 -1.62543
1231 -34.1493 17.6733 -1.89825
1232 -34.6363 16.8306 -2.27167
1233 -35.4051 16.2942 -2.78276
1234 -36.4423 16.1717 -3.09988
1235 -37.5863 16.154 -3.13105
1236 -38.6258 16.1957 -3.14493
1237 -39.7702 16.2498 -3.16484
1238 -40.8161 16.3148 -3.20983
1239 -41.8637 16.4228 -3.24718
1240 -42.917 16.5962 -3.26794
1241 -43.9193 16.7478 -3.29656
1242 -44.9043 16.9347 -3.35768
1243 -45.9848 17.4398 -3.42917
1244 -46.5148 17.5091 -2.89347
1245 -46.9834 17.2717 -2.36179
1246 -47.337 16.8854 -1.82026
1247 -47.149 16.3226 -1.13977
1248 -47.2712 16.3025 0.0423144
1249 -46.2723 16.3359 0.0542861
1250 -45.2245 16.3748 0.0661803
1251 -44.2032 16.4389 0.07644
1252 -43.1966 16.4941 0.0835169
1253 -42.2071 16.4946 -0.0216246
1254 -41.1272 16.4217 -0.122602
1255 -40.1409 16.2262 -0.218199
1256 -39.1306 15.9416 -0.256012
1257 -38.1099 15.7314 -0.0309072
1258 -37.0889 15.7575 0.0345147
1259 -36.0547 15.7903 0.041437
1260 -35.0409 15.8238 0.0551245
1261 -34.0413 15.8633 0.0726921
1262 -33.0476 15.7882 -0.35205
1263 -32.1803 15.1861 -0.710912
1264 -31.2616 14.5846 -0.234591
1265 -30.2345 14.497 -0.0303354
1266 -29.088 14.46 -0.0114005
1267 -28.2613 14.507 0.548835
1268 -28.0062 14.6901 1.09402
1269 -27.944 14.9625 1.72384
1270 -28.0677 15.2169 2.39922
1271 -28.3111 15.3494 -3.21792
1272 -28.6514 15.2925 -2.66463
1273 -29.3283 15.0147 -3.16658
1274 -30.45 15.1212 -3.22675
1275 -31.5394 15.2765 -3.25338
1276 -32.4648 15.4524 -3.27198
1277 -33.5511 15.6346 -3.2982
1278 -34.5991 15.8067 -3.32525
1279 -35.5896 16.0022 -3.35093
1280 -36.5842 16.2738 -3.32984
1281 -37.6279 16.4389 -3.27737
1282 -38.6358 16.6492 -3.29791
1283 -39.6213 16.8502 -3.31784
1284 -40.6697 17.0152 -3.14548
1285 -41.6984 16.9851 -3.08171
1286 -42.8622 16.9611 -3.10944
1287 -43.8144 17.0172 -3.18522
1288 -44.8272 16.967 -3.02094
1289 -45.9595 16.8894 -3.04016
1290 -46.9415 16.8585 -3.1613
1291 -47.918 16.9435 -3.21351
1292 -48.9469 17.036 -3.22469
1293 -49.996 17.1344 -3.24484
1294 -51.1429 17.3146 -3.26094
1295 -52.1828 17.5155 -3.27385
1296 -53.2076 17.6976 -3.29196
1297 -54.2919 17.9095 -3.31432
1298 -55.3208 18.072 -3.2378
1299 -56.3201 18.1291 -3.14534
1300 -57.386 18.1766 -3.16062
1301 -58.4134 18.2048 -3.17007
1302 -59.5026 18.2515 -3.19637
1303 -60.6891 18.3476 -3.10114
1304 -61.6516 18.3308 -3.11676
1305 -62.7507 18.308 -3.14257
1306 -63.8364 18.3142 -3.14985
1307 -64.956 18.3871 -3.14785
1308 -66.0174 18.4373 -3.16357
1309 -67.0851 18.4773 -3.18387
1310 -68.1073 18.5558 -3.19607
1311 -69.1256 18.6527 -3.2103
1312 -70.1652 18.768 -3.22092
1313 -71.189 18.8711 -3.22993
1314 -72.2479 18.9378 -3.22204
1315 -73.2738 19.056 -3.23299
1316 -74.28 19.1854 -3.24052
1317 -75.3149 19.306 -3.2405
1318 -76.3232 19.4772 -3.24918
1319 -77.3589 19.6446 -3.25995
1320 -78.3798 19.7446 -3.16395
1321 -79.3924 19.7643 -3.14283
1322 -80.5575 19.809 -3.15212
1323 -81.5701 19.8495 -3.18922
1324 -82.5321 19.9539 -3.20836
1325 -83.69 20.072 -3.21626
1326 -84.7387 20.1643 -3.22814
1327 -85.6492 20.2728 -3.23193
1328 -86.7882 20.3184 -3.11107
1329 -87.6898 20.2517 -3.05578
1330 -88.8772 20.3218 -3.26874
1331 -89.9887 20.4966 -3.2768
1332 -91.022 20.669 -3.28378
1333 -92.0113 20.8436 -3.29195
1334 -93.0037 21.0384 -3.30424
1335 -94.0855 21.2392 -3.32075
1336 -95.1393 21.4427 -3.33321
1337 -96.1434 21.6458 -3.33718
1338 -97.1373 21.7114 -2.7255
1339 -97.4463 21.5098 -2.18929
1340 -97.6801 21.0377 -1.67775
1341 -97.7567 20.0879 -1.66557
1342 -97.8112 18.9758 -1.64494
1343 -97.8667 17.9499 -1.63622
1344 -98.1541 16.959 -2.10055
1345 -98.9351 16.25 -2.51902
1346 -99.8643 15.8419 -2.9111
1347 -100.863 15.8495 -3.14939
1348 -101.929 15.8853 -3.16706
1349 -102.807 15.7691 -2.47129
1350 -103.011 15.4958 -1.85401
1351 -103.33 14.4724 -1.84692
1352 -103.559 13.4331 -1.63564
1353 -103.621 12.4552 -1.61799
1354 -103.731 11.3282 -1.65288
1355 -103.818 10.2676 -1.63491
1356 -103.898 9.23405 -1.61779
1357 -103.946 8.27384 -1.67404
1358 -104.063 7.91598 -2.28365
1359 -104.236 7.78838 -2.82583
1360 -104.523 7.78587 -3.36172
1361 -104.709 7.87856 2.38441
1362 -104.849 8.15321 1.83465
1363 -104.865 8.43062 1.29011
1364 -104.379 9.24838 1.07249
1365 -103.943 10.1284 1.56971
1366 -103.882 11.1995 1.52485
1367 -103.809 12.2376 1.48515
1368 -103.659 13.2415 1.48756
1369 -103.516 14.278 1.44537
1370 -103.333 15.2588 1.29301
1371 -103.075 15.6732 0.767445
1372 -102.659 15.9215 0.181209
1373 -101.547 16.0309 0.106914
1374 -100.562 16.096 0.0987683
1375 -99.592 16.2211 0.235912
1376 -99.1368 16.4315 0.815843
1377 -98.6346 17.3179 1.14017
1378 -98.2211 18.2553 1.22023
1379 -97.927 19.2385 1.32798
1380 -97.7075 20.1821 1.80615
1381 -97.7945 20.478 2.32727
1382 -98.587 21.0688 2.57666
1383 -99.5485 21.5155 -3.328
1384 -100.674 21.7466 -3.33263
1385 -101.595 21.9647 -3.33955
1386 -102.586 22.2057 -3.3392
1387 -103.56 22.4416 -3.33793
1388 -104.67 22.6171 -3.35229
1389 -105.647 22.8453 -3.26742
1390 -106.673 22.9444 -3.22191
1391 -107.668 23.0421 -3.17512
1392 -108.742 23.0785 -3.16609
1393 -109.731 23.1179 -3.17271
1394 -110.763 23.1917 -3.17777
1395 -111.764 23.2679 -3.17057
1396 -112.79 23.3589 -3.17348
1397 -113.851 23.435 -3.17386
1398 -114.911 23.458 -3.16921
1399 -115.971 23.5362 -3.167
1400 -117.004 23.5743 -3.17637
1401 -118.014 23.5493 -3.18753
1402 -119.049 23.6404 -3.18411
1403 -120.089 23.6964 -3.10909
1404 -121.086 23.6452 -3.04016
1405 -122.357 23.6362 -3.20548
1406 -123.407 23.8272 -3.34753
1407 -124.371 24.0667 -3.36453
1408 -125.373 24.3432 -3.36281
1409 -126.589 24.6324 -3.30544
1410 -127.523 24.8146 -3.24954
1411 -128.646 24.9671 -3.25186
1412 -129.671 25.0922 -3.25349
1413 -130.662 25.2472 -3.2438
1414 -131.567 25.2991 -3.12349
1415 -132.711 25.2437 -3.04651
1416 -133.669 25.1424 -3.04739
1417 -134.731 25.0452 -3.0502
1418 -135.717 24.9586 -3.04954
1419 -136.68 24.9057 -3.08985
1420 -137.81 24.8784 -3.09453
1421 -139.092 24.8612 -3.0917
1422 -140.078 24.8786 -3.25377
1423 -141.1 25.0231 -3.24665
1424 -142.162 25.1666 -3.25156
1425 -143.291 25.279 -3.25574
1426 -144.333 25.4073 -3.25714
1427 -145.39 25.5602 -3.26238
1428 -146.414 25.693 -3.27006
1429 -147.488 25.8835 -3.27136
1430 -148.419 26.0314 -3.2727
1431 -149.444 26.1755 -3.28023
1432 -150.518 26.3662 -3.27596
1433 -151.5 26.5271 -3.27483
1434 -152.526 26.7395 -3.27925
1435 -153.64 26.9359 -3.28532
1436 -154.668 27.0971 -3.28721
1437 -155.831 27.2234 -3.24677
1438 -156.906 27.3652 -3.24335
1439 -157.945 27.4126 -3.12283
1440 -158.889 27.3627 -3.00754
1441 -159.964 27.2911 -3.28949
1442 -160.897 27.7385 2.38267
1443 -161.279 28.3652 1.90238
1444 -161.287 28.8723 1.29936
1445 -160.993 29.2826 0.702492
1446 -160.407 29.6235 1.27456
1447 -160.127 30.5691 1.24795
1448 -159.876 31.5363 1.47298
1449 -159.738 32.6752 1.43483
1450 -159.551 33.732 1.40564
1451 -159.488 34.7996 1.67311
1452 -159.644 35.8901 1.73933
1453 -159.878 36.9395 1.70742
1454 -159.904 38.0576 1.58212
1455 -159.956 39.1841 1.54716
1456 -159.967 40.3404 1.53089
1457 -159.894 41.4424 1.51289
1458 -159.83 42.3512 1.48639
1459 -159.679 43.4009 1.47189
1460 -159.502 44.3638 1.44648
1461 -159.412 45.4032 1.43988
1462 -159.253 46.4376 1.41522
1463 -159.105 47.3697 1.40962
1464 -158.87 48.5315 1.47873
1465 -158.824 49.5121 1.50158
1466 -158.817 50.6108 1.47926
1467 -158.731 51.6399 1.45351
1468 -158.535 52.5839 1.42672
1469 -158.328 53.6565 1.40867
1470 -158.283 54.7725 1.47019
1471 -158.257 55.7542 1.56714
1472 -158.24 56.832 1.54956
1473 -158.168 57.9356 1.53023
1474 -158.101 59.2293 1.49999
1475 -157.998 60.3212 1.47811
1476 -157.892 61.2776 1.4554
1477 -157.75 62.3554 1.43187
1478 -157.66 63.3242 1.41041
1479 -157.423 64.3929 1.39386
1480 -157.209 65.6097 1.38894
1481 -156.944 66.6955 1.38016
1482 -156.651 67.7617 1.3814
1483 -156.405 68.8511 1.44061
1484 -156.38 69.9755 1.57081
1485 -156.416 71.0865 1.58938
1486 -156.489 72.1074 1.58224
1487 -156.556 73.1252 1.56881
1488 -156.569 74.1566 1.56143
1489 -156.573 75.2557 1.53039
1490 -156.511 76.238 1.51214
1491 -156.43 77.4697 1.51235
1492 -156.409 78.4062 1.50887
1493 -156.357 79.3839 1.49018
1494 -156.248 80.5383 1.46503
1495 -156.134 81.5107 1.47459
1496 -156.021 82.6018 1.43508
1497 -155.916 83.5558 1.42259
1498 -155.719 84.6489 1.43213
1499 -155.582 85.6408 1.41221
1500 -155.474 86.7661 1.41789
1501 -155.362 87.7565 1.49352
1502 -155.284 88.819 1.48599
1503 -155.196 89.7873 1.44723
1504 -155.038 90.791 1.43326
1505 -154.866 91.8673 1.43314
1506 -154.821 92.846 1.40631
1507 -154.594 93.7892 1.3827
1508 -154.275 94.7643 1.38563
1509 -154.141 95.8269 1.40488
1510 -154.041 96.8929 1.48581
1511 -153.956 97.9222 1.48838
1512 -153.94 98.9794 1.47785
1513 -153.763 100.105 1.4612
1514 -153.649 101.096 1.46801
1515 -153.577 102.108 1.44815
1516 -153.409 103.18 1.44099
1517 -153.258 104.354 1.44135
1518 -153.112 105.311 1.44393
1519 -153.042 106.45 1.42577
1520 -153.011 107.526 1.503
1521 -152.943 108.64 1.56466
1522 -152.952 109.679 1.56197
1523 -152.904 110.846 1.56558
1524 -152.942 111.886 1.57024
1525 -152.937 112.89 1.3107
1526 -152.722 113.865 1.25864
1527 -152.404 114.844 1.24723
1528 -152.049 115.841 1.22658
1529 -151.717 116.999 1.34016
1530 -151.531 118.08 1.38104
1531 -151.219 119.184 1.39121
1532 -151.068 120.125 1.43269
1533 -151.03 121.156 1.4675
1534 -150.952 122.161 1.46374
1535 -150.833 123.279 1.46026
1536 -150.71 124.364 1.47132
1537 -150.57 125.394 1.48631
1538 -150.564 126.437 1.4883
1539 -150.58 127.432 2.02317
1540 -151.177 128.265 2.25483
1541 -151.797 129.102 2.23984
1542 -152.5 129.907 2.40323
1543 -153.23 130.712 2.30972
1544 -153.981 131.505 2.32113
1545 -154.75 132.299 2.35686
1546 -155.626 133.141 2.43495
1547 -156.499 133.888 2.50401
1548 -157.598 134.327 -3.38526
1549 -158.678 134.51 -3.17215
1550 -159.706 134.624 -3.19922
1551 -160.795 134.66 -3.1934
1552 -161.82 134.755 -3.1652
1553 -162.908 134.922 -3.15227
1554 -163.991 134.956 -3.12482
1555 -165.179 135.002 -3.09572
1556 -166.293 134.957 -3.05751
1557 -167.291 134.847 -3.02539
1558 -168.408 134.741 -3.03376
1559 -169.556 134.728 -3.09561
1560 -170.643 134.706 -3.05847
1561 -171.595 134.697 -3.04479
1562 -172.733 134.629 -3.01381
1563 -173.836 134.54 -3.05409
1564 -174.948 134.564 -3.09557
1565 -176.026 134.683 -3.31738
1566 -177.082 134.82 -3.19136
1567 -178.148 134.885 -3.19306
1568 -179.276 135.05 -3.17605
1569 -180.383 135.095 -3.13785
1570 -181.581 135.205 -3.11166
1571 -182.683 135.184 -3.03492
1572 -183.759 134.995 -2.76957
1573 -184.882 134.855 -3.04254
1574 -185.728 134.723 -3.03044
1575 -186.743 134.567 -2.99739
1576 -187.856 134.5 -2.97274
1577 -188.938 134.401 -3.17957
1578 -190.311 134.433 -3.17624
1579 -191.312 134.509 -3.15636
1580 -192.344 134.545 -3.16561
1581 -193.466 134.583 -3.16728
1582 -194.576 134.608 -3.16123
1583 -195.713 134.595 -3.14703
1584 -196.872 134.67 -3.13929
1585 -197.931 134.722 -3.12568
1586 -199.038 134.669 -3.08914
1587 -200.041 134.712 -3.05156
1588 -201.072 134.571 -3.05021
1589 -201.524 134.481 -2.51512
1590 -202.196 133.872 -1.93077
1591 -202.418 133.028 -1.54762
1592 -202.467 131.892 -1.5346
1593 -202.465 131.013 -1.52704
1594 -202.425 129.942 -1.40262
1595 -202.032 128.93 -1.16361
1596 -201.939 128.02 -1.48729
1597 -201.828 127.045 -1.46063
1598 -201.79 126.053 -1.44184
1599 -201.719 125.084 -1.42251
1600 -201.766 124.045 -1.71657
1601 -202.135 123.114 -2.03321
1602 -202.506 122.099 -1.56568
1603 -202.602 121.115 -1.51358
1604 -202.71 120.032 -1.50352
1605 -202.763 118.904 -1.48199
1606 -202.716 117.828 -1.47149
1607 -202.604 116.817 -1.45707
1608 -202.551 115.828 -1.43044
1609 -202.457 114.841 -1.4571
1610 -202.4 113.851 -1.45636
1611 -202.322 112.905 -1.44444
1612 -202.272 111.995 -1.44446
1613 -202.211 110.986 -1.55252
1614 -202.311 110 -1.59118
1615 -202.358 109.035 -1.57585
1616 -202.347 107.963 -1.57801
1617 -202.283 106.984 -1.56143
1618 -202.299 105.949 -1.53075
1619 -202.416 104.894 -1.74064
1620 -202.604 103.948 -1.70858
1621 -202.791 102.884 -1.70534
1622 -202.968 101.839 -1.66015
1623 -202.988 100.892 -1.61552
1624 -203.096 99.908 -1.58861
1625 -203.295 99.0027 -1.70427
1626 -203.557 98.0703 -1.72662
1627 -203.695 97.134 -1.69988
1628 -203.751 96.143 -1.43365
1629 -203.689 95.1064 -1.39164
1630 -203.627 94.1617 -1.35629
1631 -203.49 93.142 -1.35754
1632 -203.42 92.0689 -1.70365
1633 -203.707 90.9767 -1.85689
1634 -203.986 90.034 -1.54343
1635 -204.063 89.0731 -1.54663
1636 -204.379 88.0636 -1.94199
1637 -204.476 87.5762 -1.39966
1638 -204.296 86.6762 -1.10495
1639 -203.777 85.8134 -0.909197
1640 -203.198 85.2325 -0.425966
1641 -202.304 84.797 -0.613411
1642 -201.751 83.9788 -1.15278
1643 -201.686 83.4651 -1.89807
1644 -201.781 83.2932 -2.4155
1645 -201.912 83.2095 -2.92764
1646 -202.23 83.2432 -2.40564
1647 -203.016 82.6661 -2.39822
1648 -203.864 81.988 -2.39866
1649 -204.522 81.2983 -1.79196
1650 -204.667 80.3576 -1.68481
1651 -204.768 79.2847 -1.61003
1652 -204.918 78.1768 -1.58215
1653 -205.077 77.2665 -1.54504
1654 -205.075 76.3128 -1.52756
1655 -205.059 75.2733 -1.5107
1656 -205.022 74.3155 -1.47453
1657 -204.946 73.3296 -1.52114
1658 -205.002 72.3499 -1.62017
1659 -205.076 71.3192 -1.60817
1660 -205.09 70.3702 -1.58484
1661 -205.238 69.2736 -1.57418
1662 -205.299 68.3113 -1.61421
1663 -205.49 67.3324 -1.70045
1664 -205.799 66.4008 -1.72033
1665 -205.903 65.4791 -1.47895
1666 -205.952 64.425 -1.73209
1667 -206.209 63.4837 -1.79232
1668 -206.397 62.4523 -1.63624
1669 -206.527 61.4993 -1.62298
1670 -206.662 60.4984 -1.59026
1671 -206.749 59.4686 -1.59319
1672 -206.744 58.4465 -1.59986
1673 -206.823 57.4303 -1.59965
1674 -206.853 56.286 -1.42487
1675 -206.806 55.3329 -1.42018
1676 -206.663 54.2966 -1.41982
1677 -206.653 53.3573 -1.4018
1678 -206.565 52.369 -1.39406
1679 -206.491 51.4364 -1.41574
1680 -206.471 50.3956 -1.54817
1681 -206.458 49.3129 -1.53102
1682 -206.523 48.2635 -1.51511
1683 -206.578 47.2381 -1.72933
1684 -206.816 46.2009 -1.71935
1685 -207.029 45.1595 -1.72833
1686 -207.296 44.1725 -1.73758
1687 -207.49 43.198 -1.72989
1688 -207.738 42.2125 -1.70507
1689 -207.714 41.2873 -1.46083
1690 -207.708 40.2259 -1.68176
1691 -207.884 39.2091 -1.79391
1692 -208.174 38.1511 -1.64033
1693 -208.218 37.0493 -1.37067
1694 -208.089 36.1251 -1.57749
1695 -208.136 35.132 -1.59841
1696 -208.31 34.0671 -1.78372
1697 -208.643 33.0786 -1.62461
1698 -208.473 32.1073 -1.27462
1699 -208.436 31.642 -0.7514
1700 -208.235 31.5693 -0.213461
1701 -207.122 31.4911 0.0441679
1702 -206.074 31.5133 0.0634274
1703 -205.006 31.5721 0.0745343
1704 -204.082 31.6422 0.0817003
1705 -202.927 31.711 0.0433318
1706 -201.908 31.7478 -0.00598803
1707 -200.945 31.6817 0.0132436
1708 -199.953 31.6942 0.0394314
1709 -198.954 31.6906 0.0631458
1710 -197.964 31.7689 0.081037
1711 -197.024 31.6662 -0.0571766
1712 -196.027 31.588 -0.0362817
1713 -194.975 31.516 -0.123321
1714 -194.015 31.3548 -0.221922
1715 -192.974 31.1642 -0.203464
1716 -192.01 30.9823 -0.177671
1717 -190.928 30.6778 -0.159469
1718 -189.858 30.556 -0.143028
1719 -188.727 30.4964 -0.114707
1720 -187.69 30.3502 -0.0914267
1721 -186.721 30.2097 -0.0736433
1722 -185.839 30.1232 -0.0569622
1723 -184.849 30.1323 -0.0398454
1724 -183.909 30.1146 -0.042632
1725 -182.877 30.0043 -0.0215936
1726 -181.873 29.9756 -0.00325586
1727 -180.716 29.9219 -0.0441943
1728 -179.707 29.8321 -0.100591
1729 -178.754 29.7407 -0.0918419
1730 -177.775 29.6562 -0.0692552
1731 -176.794 29.6239 -0.0315221
1732 -175.817 29.5037 -0.16447
1733 -174.935 29.35 -0.132791
1734 -173.9 29.181 -0.108355
1735 -172.915 29.1229 -0.109816
1736 -171.904 28.9585 -0.106521
1737 -170.996 28.8679 -0.0840834
1738 -169.895 28.6716 -0.275621
1739 -168.912 28.4387 -0.25818
1740 -168.035 28.1942 -0.234829
1741 -167.107 28.0029 -0.207101
1742 -166.136 27.8333 -0.179445
1743 -165.173 27.7104 -0.158482
1744 -164.218 27.4655 -0.138799
1745 -163.194 27.4618 0.254111
1746 -162.131 27.7048 0.334137
1747 -161.258 28.1453 0.584177
1748 -160.68 28.7101 1.14705
1749 -160.252 29.6561 1.19474
1750 -160.219 30.1785 1.73218
1751 -160.407 30.5627 2.25181
1752 -160.662 30.8644 -3.46459
1753 -160.855 30.8197 -2.8565
1754 -161.103 30.6895 -2.18289
1755 -161.183 30.4612 -1.64402
1756 -161.094 30.0384 -1.0728
1757 -160.648 29.5509 -0.873256
1758 -160.511 29.2144 -1.3834
1759 -160.516 28.2009 -1.63269
1760 -160.397 27.6006 -1.0681
1761 -160.34 27.2471 -0.516081
1762 -159.01 27.0182 -0.16159
1763 -157.873 26.8122 -0.123866
1764 -156.827 26.6844 0.0113944
1765 -155.735 26.6688 0.089117
1766 -154.759 26.7643 0.105634
1767 -153.809 26.8591 0.123584
1768 -152.73 26.989 0.149715
1769 -151.719 27.1104 0.172838
1770 -150.685 27.1348 -0.11662
1771 -149.565 26.9548 -0.139144
1772 -148.542 26.7762 -0.112739
1773 -147.541 26.6468 -0.0980247
1774 -146.384 26.5231 -0.141369
1775 -145.205 26.2876 -0.178337
1776 -144.224 26.1448 -0.173556
1777 -143.146 25.9506 -0.158415
1778 -141.959 25.7697 -0.13344
1779 -140.874 25.586 -0.115526
1780 -139.888 25.4533 -0.0892018
1781 -138.665 25.3552 -0.0682935
1782 -137.642 25.2711 -0.0413642
1783 -136.723 25.2512 -0.0285697
1784 -135.568 25.1815 -0.00582713
1785 -134.408 25.1538 0.0078134
1786 -133.365 25.1723 0.0311214
1787 -132.05 25.1805 -0.010885
1788 -131.018 25.145 -0.0293023
1789 -129.999 25.0485 -0.160783
1790 -128.823 24.8126 -0.146819
1791 -127.84 24.605 -0.135889
1792 -126.806 24.429 -0.110118
1793 -125.737 24.2868 -0.116089
1794 -124.722 24.137 -0.114419
1795 -123.669 23.9837 -0.0962134
1796 -122.557 23.9194 -0.0915191
1797 -121.537 23.7941 -0.078408
1798 -120.53 23.6721 -0.0658359
1799 -119.49 23.6188 -0.0597414
1800 -118.455 23.5489 -0.0481838
1801 -117.41 23.5124 -0.0450897
1802 -116.357 23.4017 -0.0635074
1803 -115.285 23.2844 -0.0651301
1804 -114.154 23.1658 -0.0545505
1805 -113.123 23.0665 -0.124098
1806 -112.073 22.9321 -0.116271
1807 -111.058 22.7981 -0.0978481
1808 -109.976 22.66 -0.0806376
1809 -109.016 22.5868 -0.0708205
1810 -107.959 22.4973 -0.0595301
1811 -106.832 22.4266 -0.0504255
1812 -105.932 22.3698 -0.0497334
1813 -104.795 22.2998 -0.0419514
1814 -103.798 22.2255 -0.0251492
1815 -102.753 22.161 -0.093121
1816 -101.732 22.0173 -0.088319
1817 -100.701 21.8987 -0.0719913
1818 -99.6438 21.8255 -0.0737942
1819 -98.6297 21.7234 -0.0700589
1820 -97.6511 21.6242 -0.0730921
1821 -96.4251 21.5186 -0.0701544
1822 -95.4003 21.4247 -0.0550148
1823 -94.3607 21.3023 -0.105418
1824 -93.2949 21.1671 -0.0844153
1825 -92.2384 21.0665 -0.0698972
1826 -91.2016 20.9609 -0.0566352
1827 -90.1801 20.883 -0.0514916
1828 -89.1622 20.7916 -0.039722
1829 -88.1559 20.7628 -0.0422978
1830 -87.0319 20.7255 -0.0324101
1831 -85.8971 20.6357 -0.0174979
1832 -84.8655 20.589 -0.013373
1833 -83.8451 20.5206 -0.0863545
1834 -82.8505 20.4235 -0.0751204
1835 -81.8406 20.29 -0.0732607
1836 -80.7108 20.1568 -0.0640439
1837 -79.648 20.0598 -0.0700662
1838 -78.6319 19.9616 -0.0564305
1839 -77.5947 19.8893 -0.0482396
1840 -76.5555 19.7984 -0.0380325
1841 -75.5374 19.7042 -0.114433
1842 -74.4912 19.5646 -0.10979
1843 -73.4531 19.4288 -0.103363
1844 -72.386 19.2982 -0.0995743
1845 -71.4388 19.1757 -0.0935052
1846 -70.2976 19.0517 -0.0779284
1847 -69.1952 18.9307 -0.07413
1848 -68.2407 18.8467 -0.0661178
1849 -67.0893 18.7502 -0.065236
1850 -66.0666 18.6703 -0.0631322
1851 -65.0997 18.597 -0.0566101
1852 -64.0734 18.5245 -0.043688
1853 -62.9301 18.4308 -0.0362633
1854 -61.907 18.3731 -0.036324
1855 -60.9399 18.3182 -0.0361868
1856 -59.9541 18.2502 -0.0282229
1857 -58.9927 18.2171 -0.025933
1858 -57.7725 18.1476 -0.0123239
1859 -56.7346 18.1094 -0.0276891
1860 -55.7057 18.0049 -0.104083
1861 -54.712 17.8631 -0.0998596
1862 -53.6951 17.7049 -0.103389
1863 -52.6442 17.5932 -0.0976022
1864 -51.6624 17.4643 -0.0978755
1865 -50.5855 17.3426 -0.0999038
1866 -49.5524 17.2183 -0.105822
1867 -48.5619 17.0927 -0.0991609
1868 -47.5405 16.9762 -0.0899236
1869 -46.5283 16.8493 -0.0902308
1870 -45.4335 16.7453 -0.0875838
1871 -44.4385 16.6383 -0.0852731
1872 -43.3916 16.5181 -0.0878817
1873 -42.248 16.3818 -0.0870112
1874 -41.2518 16.2794 -0.0910561
1875 -40.2222 16.1499 -0.0878366
1876 -39.2182 16.087 -0.08723
1877 -38.1789 15.9441 -0.0790168
1878 -37.1238 15.8588 -0.0882254
1879 -35.9854 15.8656 0.0605943
1880 -34.9351 15.8136 -0.0609421
1881 -33.9133 15.7179 -0.0553204
1882 -32.8074 15.6671 -0.053578
1883 -31.6959 15.5797 -0.0439837
1884 -30.6187 15.5096 -0.040738
1885 -29.4035 15.3888 -0.0876416
1886 -28.3513 15.2777 -0.0872311
1887 -27.4094 15.1679 -0.0801287
1888 -26.2895 15.0195 -0.070504
1889 -25.3325 14.9636 -0.0880844
1890 -24.2932 14.8467 -0.0740976
1891 -23.254 14.7383 -0.0789772
1892 -22.0819 14.6 -0.0708807
1893 -21.0481 14.521 -0.071379
1894 -20.1663 14.4006 -0.0649966
1895 -19.0497 14.3328 -0.0714316
1896 -18.043 14.2401 -0.0757442
1897 -16.9372 14.142 -0.0709793
1898 -16.0136 14.0519 -0.0734417
1899 -14.953 13.9566 -0.0844732
1900 -13.9236 13.8639 -0.0636192
1901 -12.9882 13.7666 -0.129552
1902 -11.9784 13.5206 -0.244652
1903 -10.9857 13.3251 -0.0891199
1904 -9.88827 13.156 -0.073931
1905 -8.80087 13.0125 -0.0230963
1906 -7.85437 13.0286 0.095056
1907 -6.80294 13.0369 0.0520262
1908 -5.77661 13.0726 0.0445849
1909 -4.65174 13.0554 0.037943
1910 -4.30744 13.014 -0.669952
1911 -3.65656 12.2867 -0.866232
1912 -3.23822 11.3376 -1.35193
1913 -3.22157 10.2828 -1.60911
1914 -3.29554 9.2609 -1.58953
1915 -3.34232 8.20789 -1.60969
1916 -3.42121 7.19706 -1.6529
1917 -3.57866 6.12234 -1.68982
1918 -3.74387 4.93938 -1.70046
1919 -3.94707 3.89981 -1.72437
1920 -4.17218 2.84361 -1.74077
1921 -4.32901 1.79068 -1.58749
1922 -4.23369 0.732342 -1.24587
1923 -3.88768 0.165628 -0.666551
1924 -3.38633 -0.0245468 -0.0701756
1925 -2.79016 0.112732 0.542186
1926 -2.41484 0.508973 1.14437
1927 -2.28586 1.08146 1.76267
1928 -2.48011 1.55223 -3.91027
1929 -2.90047 1.75346 -3.32721
1930 -3.35908 1.71258 -2.72892
1931 -3.73868 1.39179 -2.13565
1932 -3.92455 1.00294 -1.55802
1933 -3.78573 0.525475 -0.966406
1934 -3.53824 0.270483 -0.408836
1935 -3.35418 0.249164 0.354284
1936 -3.18584 0.388845 0.991523
1937 -2.88107 1.09514 0.988691
1938 -2.60782 1.57339 1.3935
1939 -2.52703 2.01465 0.981284
1940 -1.72607 2.59593 0.623249
