0 1.00824 -0.016781 0.00595973
1 2.14572 -0.0210375 0.0115796
2 3.17058 -0.0363337 0.02636
3 4.28797 -0.0157133 0.0409325
4 5.37346 0.00207353 0.0456752
5 6.37458 -0.00257586 -0.0118561
6 7.36219 -0.0438697 -0.00900696
7 8.38051 -0.0579602 -0.00989777
8 9.37702 -0.107108 0.00836522
9 10.3798 -0.209007 -0.21451
10 11.4458 -0.590862 -0.389312
11 12.3793 -0.972794 -0.419293
12 12.8863 -1.38785 -0.941704
13 13.1031 -2.08053 -1.49142
14 12.9993 -3.05338 -1.68211
15 12.8684 -4.06512 -1.71352
16 12.7048 -5.0959 -1.74278
17 12.476 -6.207 -1.68541
18 12.4102 -7.22688 -1.601
19 12.3387 -8.20684 -1.61893
20 12.2665 -9.24721 -1.6538
21 12.1412 -10.3081 -1.66769
22 11.9852 -11.4096 -1.68766
23 11.878 -12.5199 -1.53289
24 11.9191 -13.5865 -1.55642
25 11.9003 -14.708 -1.58164
26 11.8418 -15.8505 -1.60317
27 11.768 -16.858 -1.62305
28 11.6799 -17.9337 -1.64601
29 11.589 -18.9455 -1.66542
30 11.4392 -19.9491 -1.6249
31 11.3879 -21.0174 -1.58048
32 11.322 -22.0465 -1.59717
33 11.2752 -23.0817 -1.60039
34 11.1796 -24.1289 -1.60595
35 11.0988 -25.2362 -1.6237
36 11.0046 -26.2909 -1.63736
37 10.9009 -27.4665 -1.66894
38 10.7928 -28.4953 -1.68796
39 10.604 -29.5166 -1.6959
40 10.4998 -30.5611 -1.65627
41 10.3556 -31.6082 -1.67265
42 10.2476 -32.702 -1.63563
43 10.2136 -33.691 -1.53184
44 10.2844 -34.7315 -1.49039
45 10.3588 -35.4224 -1.48364
46 10.3867 -36.5509 -1.5498
47 10.3386 -37.7417 -1.64206
48 10.2122 -38.8956 -1.67325
49 10.0677 -40.0061 -1.68324
50 9.92223 -41.0386 -1.70599
51 9.75728 -42.0554 -1.71273
52 9.62048 -43.0948 -1.66063
53 9.50816 -44.1262 -1.59568
54 9.45801 -45.1453 -1.60217
55 9.37058 -46.2432 -1.59748
56 9.32832 -47.2816 -1.62401
57 9.23216 -48.2875 -1.62655
58 9.14354 -49.3262 -1.63996
59 9.07381 -50.3547 -2.05302
60 8.7474 -50.7393 -2.60643
61 7.74127 -50.9527 -3.02105
62 6.74414 -50.8817 -3.23372
63 5.72963 -50.7687 -3.22676
64 4.60078 -50.6631 -3.22026
65 3.54237 -50.6029 -3.22205
66 2.58407 -50.5149 -3.21588
67 1.55691 -50.3991 -3.24925
68 0.577335 -50.3125 -3.17913
69 -0.479481 -50.2593 -2.96723
70 -1.1846 -50.5397 -2.39525
71 -1.46262 -50.9853 -1.86833
72 -1.64487 -51.9885 -1.62082
73 -1.61499 -53.0189 -1.51257
74 -1.59409 -54.0453 -1.52451
75 -1.69603 -55.1017 -1.80514
76 -1.93631 -56.0711 -1.76225
77 -2.1213 -57.1219 -1.67355
78 -2.20667 -58.1762 -1.45729
79 -1.99398 -59.1693 -1.4506
80 -1.99077 -60.1849 -1.58699
81 -2.0547 -61.3481 -1.584
82 -2.0692 -62.3683 -1.58254
83 -2.01225 -63.379 -1.23856
84 -1.55999 -64.1482 -0.660191
85 -0.720878 -64.5628 -0.273621
86 0.373878 -64.6206 0.1999
87 1.495 -64.4146 0.223735
88 2.72444 -64.217 0.0693351
89 3.70342 -64.2538 0.0144126
90 4.75974 -64.2631 0.0118867
91 5.95186 -64.3112 -0.00215627
92 6.95114 -64.3016 0.0152021
93 8.04333 -64.3138 -0.0233827
94 9.06937 -64.347 -0.00471739
95 10.1422 -64.4338 -0.0434207
96 11.1588 -64.5219 -0.0171372
97 12.117 -64.5572 0.000609705
98 13.1421 -64.5694 -0.0454814
99 14.1599 -64.6651 -0.0120546
100 15.2205 -64.6705 -0.00170512
101 16.219 -64.673 0.00436706
102 17.2645 -64.7174 -0.0517106
103 18.294 -64.7028 -0.0403503
104 19.1333 -64.7178 0.477964
105 19.4256 -64.4987 1.0769
106 19.5789 -63.4575 1.49975
107 19.6548 -62.3362 1.49864
108 19.7518 -61.3751 1.54314
109 19.857 -60.2841 1.54236
110 19.9342 -59.2801 1.54981
111 19.9761 -58.2453 1.5474
112 20.0242 -57.223 1.52533
113 20.0945 -56.1765 1.52221
114 20.1689 -55.1263 1.52379
115 20.2458 -53.9771 1.52325
116 20.3422 -52.9855 1.51357
117 20.3076 -51.9796 2.19938
118 20.0051 -51.7173 2.73093
119 19.0459 -51.2551 -3.40825
120 18.0145 -51.2605 -2.98868
121 16.9452 -51.3033 -3.06208
122 15.8219 -51.3588 -3.10234
123 14.7175 -51.357 -3.13782
124 13.6935 -51.3087 -3.161
125 12.6094 -51.2442 -3.19711
126 11.4919 -51.1291 -3.22672
127 10.3613 -50.9577 -3.2334
128 10.2354 -50.9537 2.40292
129 10.2223 -50.9617 1.73824
130 10.2012 -50.5816 2.31443
131 10.1304 -50.5089 -3.45343
132 10.0986 -50.4707 -2.94387
133 10.0203 -50.5289 -2.45647
134 9.70469 -50.944 -2.21096
135 9.00764 -51.3165 -2.6929
136 8.2616 -51.3817 -3.19762
137 7.21893 -51.2861 -3.24635
138 6.19774 -51.1382 -3.28666
139 5.12374 -50.9572 -3.30256
140 4.04078 -50.7704 -3.26663
141 3.0942 -50.6596 -3.2915
142 2.04685 -50.5362 -3.15952
143 1.0814 -50.4836 -3.1926
144 0.0759336 -50.3969 -3.21041
145 -0.94345 -50.262 -3.24254
146 -2.03003 -50.1652 -3.08141
147 -2.9051 -50.2666 -3.30639
148 -3.8873 -49.9539 -3.44415
149 -4.946 -49.5617 2.61246
150 -5.56697 -48.7792 2.22079
151 -6.25148 -47.9727 2.55499
152 -7.28845 -47.6533 -3.33284
153 -8.40596 -47.5096 -3.19785
154 -9.50342 -47.4495 -3.21353
155 -10.6539 -47.2987 -3.22718
156 -11.8241 -47.3611 -3.13108
157 -12.7989 -47.4282 -3.13113
158 -13.9626 -47.4323 -3.15638
159 -15.0179 -47.4821 -3.20775
160 -15.9833 -47.3554 -3.21522
161 -17.0356 -47.2054 -3.22676
162 -18.0673 -47.0489 -3.37777
163 -18.5774 -46.8111 2.31461
164 -18.7865 -46.404 1.70353
165 -18.7428 -45.3988 1.51652
166 -18.6706 -44.4187 1.49489
167 -18.5128 -43.2833 1.47635
168 -18.3945 -42.3087 1.45759
169 -18.2929 -41.2446 1.49238
170 -18.1886 -40.1785 1.46998
171 -18.0353 -39.0354 1.42817
172 -17.9031 -38.0737 1.42797
173 -17.7427 -36.9873 1.49778
174 -17.7416 -35.9905 1.94008
175 -18.0296 -35.5645 2.51915
176 -19.0772 -35.1547 -3.28321
177 -20.0987 -34.9948 -3.22454
178 -21.1331 -34.9427 -3.1947
179 -22.1456 -34.8498 -3.20039
180 -23.2553 -34.7693 -3.21301
181 -24.4106 -34.6667 -3.22959
182 -25.5196 -34.5646 -3.17797
183 -26.6036 -34.5108 -3.15284
184 -27.6415 -34.4525 -3.16411
185 -28.6667 -34.4107 -3.16975
186 -29.8534 -34.3566 -3.18608
187 -30.9014 -34.2758 -3.2017
188 -31.9923 -34.1886 -3.21342
189 -33.1282 -34.0978 -3.22967
190 -34.2193 -33.9744 -3.23842
191 -35.2921 -33.8085 -3.26939
192 -36.444 -33.6702 -3.22577
193 -37.457 -33.5728 -3.23861
194 -38.47 -33.4318 -3.24871
195 -39.4319 -33.3314 -3.25867
196 -40.492 -33.1986 -3.2706
197 -41.7133 -32.9505 -3.40527
198 -42.755 -32.6122 -3.34722
199 -43.908 -32.4913 -3.19862
200 -44.9937 -32.396 -3.16498
201 -46.0485 -32.3083 -3.17539
202 -47.1182 -32.2268 -3.18117
203 -48.0976 -32.1828 -3.1795
204 -49.243 -32.0766 -3.19165
205 -50.4552 -31.9585 -3.20582
206 -51.4609 -31.8702 -3.21834
207 -52.5392 -31.765 -3.27544
208 -53.5017 -31.5698 -3.2984
209 -54.6097 -31.349 -3.30887
210 -55.7006 -31.1727 -3.31874
211 -56.814 -31.0203 -3.17825
212 -57.9377 -30.9546 -3.18499
213 -59.046 -30.8916 -3.19522
214 -60.111 -30.7826 -3.2647
215 -61.1918 -30.6301 -3.26968
216 -62.198 -30.4814 -3.32835
217 -63.3001 -30.3109 -3.28241
218 -64.3516 -30.0898 -3.29352
219 -65.4668 -29.9524 -3.19875
220 -66.5713 -29.8736 -3.15169
221 -67.7148 -29.8073 -3.1638
222 -68.7868 -29.7407 -3.16925
223 -69.8995 -29.6584 -3.2556
224 -70.9902 -29.4922 -3.25876
225 -72.0339 -29.3298 -3.26622
226 -73.1698 -29.1742 -3.26824
227 -74.1736 -29.055 -3.10608
228 -74.709 -29.1632 -2.60083
229 -75.1519 -29.4518 -1.9986
230 -75.3865 -30.5177 -1.69799
231 -75.5861 -31.5649 -1.6786
232 -75.6967 -32.6651 -1.65833
233 -75.7986 -33.6071 -1.63112
234 -75.8811 -34.6853 -1.6374
235 -75.9289 -35.7675 -1.6169
236 -76.0171 -36.9027 -1.59747
237 -76.0875 -37.9583 -1.61966
238 -76.1885 -38.9937 -1.60241
239 -76.2601 -40.1102 -1.64332
240 -76.3704 -41.1335 -1.67754
241 -76.4897 -42.2125 -1.67752
242 -76.593 -43.2933 -1.66606
243 -76.7163 -44.1894 -1.53566
244 -76.5268 -44.7662 -0.925932
245 -76.0257 -45.1454 -0.341365
246 -75.0138 -45.5038 -0.354975
247 -73.9642 -45.6849 -0.151612
248 -72.8986 -45.8306 -0.104156
249 -71.8685 -45.914 -0.0697724
250 -70.6457 -45.9316 -0.0582382
251 -69.5751 -45.9696 -0.0636278
252 -68.5016 -46.0526 -0.0585649
253 -67.3932 -46.1082 -0.0731559
254 -66.3433 -46.1861 -0.146312
255 -65.3445 -46.368 -0.181529
256 -64.2426 -46.5204 -0.214243
257 -63.1238 -46.6727 -0.221264
258 -61.9981 -46.8863 -0.216854
259 -60.8825 -47.133 -0.209463
260 -59.7867 -47.347 -0.205215
261 -58.7312 -47.54 -0.187081
262 -57.671 -47.6544 -0.158969
263 -56.5913 -47.7816 -0.14668
264 -55.451 -47.9273 -0.148975
265 -54.3483 -48.0333 -0.175646
266 -53.0809 -48.162 -0.195638
267 -52.1287 -48.3461 -0.172289
268 -50.989 -48.5441 -0.160359
269 -49.9186 -48.7335 -0.191684
270 -48.7827 -48.839 -0.184501
271 -47.6969 -49.0065 -0.170679
272 -46.5735 -49.1326 -0.150425
273 -45.5137 -49.3295 -0.144806
274 -44.3385 -49.4621 -0.139979
275 -43.2107 -49.6903 -0.246073
276 -42.098 -49.9985 -0.227595
277 -40.962 -50.2386 -0.226929
278 -39.8604 -50.4526 -0.205696
279 -38.79 -50.6326 -0.159524
280 -37.7298 -50.7701 -0.12617
281 -36.5726 -50.7974 -0.0940486
282 -35.5817 -50.9034 -0.094754
283 -34.4841 -51.0419 -0.0887886
284 -33.2965 -51.1479 -0.131854
285 -32.2144 -51.2982 -0.135869
286 -31.1785 -51.45 -0.123042
287 -30.101 -51.6113 -0.156389
288 -28.9777 -51.6581 -0.133816
289 -27.7793 -51.7 -0.107905
290 -26.6257 -51.7966 -0.0844597
291 -25.5689 -51.873 -0.0603874
292 -24.4953 -51.8513 -0.0487898
293 -23.3795 -51.9008 -0.165733
294 -22.3411 -52.0897 -0.142968
295 -21.2377 -52.2015 -0.08303
296 -20.0896 -52.1122 0.17445
297 -19.5902 -51.8036 0.792882
298 -19.3233 -51.3064 1.32184
299 -19.213 -49.915 1.62534
300 -19.1524 -48.8779 1.61508
301 -19.0675 -47.8183 1.52346
302 -18.9834 -46.7065 1.49649
303 -18.9097 -45.6607 1.47657
304 -18.7491 -44.7385 1.45957
305 -18.6065 -43.6329 1.46539
306 -18.4942 -42.6293 1.49103
307 -18.3552 -41.5349 1.46529
308 -18.2031 -40.4282 1.43716
309 -18.0769 -39.3822 1.46137
310 -17.9742 -38.3029 1.44253
311 -17.8679 -37.3322 1.50683
312 -17.825 -36.2593 1.69907
313 -17.9798 -35.8039 2.31019
314 -18.7167 -35.4108 -3.50337
315 -19.6763 -35.1564 -3.17225
316 -20.727 -35.1261 -3.19511
317 -21.7707 -35.0492 -3.20487
318 -22.8359 -34.9486 -3.21785
319 -23.8979 -34.8657 -3.22636
320 -24.9932 -34.7615 -3.23051
321 -26.0335 -34.61 -3.24512
322 -27.011 -34.4592 -3.26204
323 -27.9688 -34.3094 -3.28166
324 -29.0207 -34.1748 -3.21371
325 -30.0857 -34.104 -3.23229
326 -31.0764 -33.9646 -3.23754
327 -32.1507 -33.8538 -3.25524
328 -33.2091 -33.7414 -3.21194
329 -34.2357 -33.6424 -3.1875
330 -35.2372 -33.534 -3.22791
331 -36.3939 -33.4304 -3.24315
332 -37.3561 -33.3015 -3.24779
333 -38.2926 -33.1938 -3.23965
334 -39.3841 -33.0819 -3.2475
335 -40.3913 -32.9671 -3.26086
336 -41.3928 -32.8213 -3.27196
337 -42.4594 -32.7391 -3.1813
338 -43.5445 -32.6485 -3.22747
339 -44.5717 -32.5291 -3.23466
340 -45.6969 -32.3464 -3.24825
341 -46.6032 -32.2098 -3.25574
342 -47.6638 -32.0627 -3.26634
343 -48.6294 -31.9152 -3.23746
344 -49.6241 -31.7647 -3.23604
345 -50.8038 -31.6306 -3.25245
346 -51.8796 -31.4932 -3.25874
347 -52.857 -31.3718 -3.13944
348 -53.8223 -31.3652 -3.12117
349 -54.8802 -31.3064 -3.203
350 -55.9669 -31.2244 -3.20984
351 -57.0144 -31.1058 -3.21499
352 -57.9751 -31.0001 -3.24922
353 -59.0849 -30.8563 -3.25906
354 -60.1276 -30.7154 -3.26797
355 -61.1473 -30.5493 -3.27585
356 -62.1742 -30.4096 -3.28506
357 -63.1772 -30.2507 -3.29046
358 -64.1876 -30.1142 -3.24753
359 -65.2804 -30.0541 -3.132
360 -66.2971 -29.9777 -3.21094
361 -67.2956 -29.8832 -3.21452
362 -68.3821 -29.7417 -3.21711
363 -69.4204 -29.6468 -3.22704
364 -70.5063 -29.5216 -3.23165
365 -71.5363 -29.3907 -3.27333
366 -72.5585 -29.2466 -3.27979
367 -73.578 -29.0781 -3.28015
368 -74.6009 -28.9322 -3.28551
369 -75.6021 -28.7489 -3.28856
370 -76.5971 -28.5841 -3.30349
371 -77.6567 -28.4082 -3.30315
372 -78.6897 -28.2133 -3.30604
373 -79.6643 -28.0292 -3.27774
374 -80.756 -27.8459 -3.27411
375 -81.833 -27.7151 -3.22248
376 -82.9126 -27.6085 -3.22685
377 -83.8559 -27.5368 -3.23035
378 -85.0158 -27.4421 -3.23915
379 -86.1557 -27.3114 -3.23875
380 -87.1525 -27.1936 -3.24051
381 -88.2308 -27.0756 -3.23975
382 -89.2717 -26.94 -3.24222
383 -90.2577 -26.8005 -3.25178
384 -91.2854 -26.6971 -3.25093
385 -92.3024 -26.5719 -3.25828
386 -93.4355 -26.4297 -3.26678
387 -94.4497 -26.3049 -3.27011
388 -95.5626 -26.1222 -3.26996
389 -96.6081 -25.9717 -3.27944
390 -97.7015 -25.8237 -3.28159
391 -98.9264 -25.6414 -3.25671
392 -99.9213 -25.5041 -3.25277
393 -100.967 -25.3746 -3.26095
394 -102.172 -25.2188 -3.26732
395 -103.176 -25.0744 -3.2569
396 -104.194 -24.9352 -3.25554
397 -105.187 -24.8019 -3.25627
398 -106.34 -24.6284 -3.26073
399 -107.346 -24.4618 -3.27378
400 -108.333 -24.2936 -3.19299
401 -109.325 -24.2115 -3.16983
402 -110.41 -24.2097 -3.0881
403 -111.493 -24.265 -3.10393
404 -112.566 -24.2028 -3.197
405 -113.769 -24.016 -3.26154
406 -114.649 -23.8877 -3.25752
407 -115.643 -23.6748 -3.24904
408 -116.726 -23.5392 -3.2513
409 -117.718 -23.3809 -3.26005
410 -118.732 -23.1959 -3.2847
411 -119.594 -22.9512 -3.38779
412 -120.64 -22.7309 -3.20821
413 -121.67 -22.5242 -3.20687
414 -122.623 -22.4233 -3.21398
415 -123.592 -22.3352 -3.2221
416 -124.693 -22.1636 -3.22033
417 -125.776 -22.0383 -3.21381
418 -126.872 -21.8461 -3.2236
419 -127.887 -21.7162 -3.10717
420 -128.655 -21.9028 -2.59041
421 -128.954 -22.2085 -1.93513
422 -128.975 -23.2216 -1.52255
423 -128.958 -24.2482 -1.50532
424 -128.981 -25.1949 -1.49597
425 -128.971 -26.244 -1.56368
426 -128.913 -27.2455 -1.57282
427 -128.979 -28.3372 -1.63682
428 -129.068 -29.3723 -1.63059
429 -129.168 -30.3718 -1.61697
430 -129.179 -31.4245 -1.61234
431 -129.23 -32.406 -1.57775
432 -129.229 -33.536 -1.61722
433 -129.351 -34.5357 -1.71157
434 -129.585 -35.5596 -1.70024
435 -129.808 -36.5752 -1.68937
436 -129.95 -37.6757 -1.66651
437 -130.042 -38.1358 -1.06463
438 -129.841 -38.3165 -0.555203
439 -129.626 -38.4133 -0.0673295
440 -128.555 -38.5555 -0.0838048
441 -127.557 -38.6735 -0.086428
442 -126.593 -38.8357 -0.0923659
443 -125.407 -39.0069 -0.0945931
444 -124.298 -39.1209 -0.100236
445 -123.446 -39.1757 -0.105305
446 -122.321 -39.4059 -0.130018
447 -121.383 -39.6627 -0.251909
448 -120.342 -39.9064 -0.34264
449 -119.281 -40.105 -0.197711
450 -118.201 -40.0891 -0.116553
451 -117.193 -40.1742 -0.0917233
452 -116.129 -40.2208 -0.0997682
453 -115.019 -40.3013 -0.102929
454 -114.15 -40.4448 -0.106069
455 -113.106 -40.4851 -0.106065
456 -112.13 -40.6809 -0.110063
457 -111.032 -40.8425 -0.125722
458 -109.917 -40.9353 -0.116753
459 -108.986 -41.0356 -0.135756
460 -107.971 -41.2215 -0.146283
461 -106.972 -41.3798 -0.143917
462 -105.912 -41.4212 -0.148112
463 -104.986 -41.617 -0.132342
464 -103.937 -41.8101 -0.10237
465 -102.89 -41.9122 -0.124543
466 -101.782 -42.081 -0.0621706
467 -100.762 -42.0969 -0.0776837
468 -99.7428 -42.287 -0.0929819
469 -98.7893 -42.3956 -0.0919715
470 -97.7745 -42.5094 -0.121605
471 -96.6347 -42.6193 -0.135281
472 -95.572 -42.7229 -0.156982
473 -94.4452 -42.9613 -0.184644
474 -93.3009 -43.1154 -0.173626
475 -92.2353 -43.2374 -0.120659
476 -91.1918 -43.3407 -0.136179
477 -90.1543 -43.4961 -0.134339
478 -89.0868 -43.6276 -0.150848
479 -88.1363 -43.8157 -0.157182
480 -87.1212 -44.0222 -0.16713
481 -86.0095 -44.1892 -0.142767
482 -84.9368 -44.3151 -0.0584801
483 -83.8668 -44.4091 -0.0840871
484 -82.8015 -44.4928 -0.113558
485 -81.7261 -44.6435 -0.132751
486 -80.5514 -44.8548 -0.142326
487 -79.5601 -45.0285 -0.169561
488 -78.526 -45.1754 0.0487977
489 -77.466 -44.9729 0.438015
490 -76.6955 -44.4077 0.930518
491 -76.3121 -43.5104 1.35597
492 -76.2842 -42.4685 1.75319
493 -76.4048 -41.4155 1.65879
494 -76.3643 -40.3322 1.51478
495 -76.2707 -39.2767 1.4735
496 -76.1576 -38.1952 1.44031
497 -76.0213 -37.0603 1.49826
498 -75.8626 -35.9635 1.47405
499 -75.7207 -34.9391 1.4317
500 -75.4993 -33.9147 1.40643
501 -75.3143 -32.9086 1.39567
502 -75.0453 -32.0073 1.40309
503 -74.937 -30.9535 1.51588
504 -74.9005 -29.9114 1.78486
505 -75.1986 -29.3623 2.31748
506 -75.677 -29.0214 -3.42821
507 -76.7405 -28.7343 -3.39589
508 -77.7876 -28.5366 -3.23394
509 -78.7847 -28.4694 -3.22297
510 -79.8409 -28.346 -3.20941
511 -80.9033 -28.2009 -3.21849
512 -81.9697 -28.1208 -3.22782
513 -83.0308 -28.0182 -3.2023
514 -84.0063 -27.9573 -3.18232
515 -85.1151 -27.9109 -3.16913
516 -86.0071 -27.8861 -3.09737
517 -87.086 -27.8652 -3.52133
518 -88.0147 -27.4722 -3.36696
519 -89.0252 -27.236 -3.36255
520 -90.0491 -26.9753 -3.36087
521 -91.0317 -26.7581 -3.34445
522 -92.0468 -26.5216 -3.34001
523 -93.1759 -26.3013 -3.34377
524 -94.1568 -26.1313 -3.28078
525 -95.1634 -25.9819 -3.27276
526 -96.174 -25.8223 -3.26239
527 -97.2021 -25.7035 -3.24711
528 -98.2167 -25.6098 -3.2431
529 -99.2894 -25.4239 -3.31183
530 -100.29 -25.2354 -3.30498
531 -101.258 -25.051 -3.29866
532 -102.306 -24.8738 -3.29403
533 -103.34 -24.7108 -3.2909
534 -104.392 -24.5455 -3.2742
535 -105.51 -24.3546 -3.27643
536 -106.509 -24.1516 -3.36953
537 -107.445 -23.8812 2.67867
538 -108.389 -23.398 2.33773
539 -108.908 -22.5085 1.98532
540 -109.211 -21.5434 1.61333
541 -109.233 -20.4987 1.52224
542 -109.158 -19.3543 1.50395
543 -109.059 -18.3192 1.48089
544 -108.819 -17.2313 1.45165
545 -108.731 -16.3238 1.57161
546 -108.586 -15.3185 1.46388
547 -108.445 -14.3661 1.49455
548 -108.223 -13.269 1.48281
549 -108.146 -12.2964 1.45993
550 -108.029 -11.38 1.48423
551 -107.933 -10.3228 1.46275
552 -107.848 -9.32351 1.43981
553 -107.728 -8.34 1.40873
554 -107.571 -7.33713 1.28124
555 -107.213 -6.87518 0.755071
556 -106.288 -6.73059 0.363506
557 -105.636 -6.42406 1.04001
558 -105.373 -5.61045 1.50542
559 -105.394 -4.63238 1.54774
560 -105.308 -3.64392 1.54202
561 -105.267 -2.57329 1.4955
562 -105.151 -1.62304 1.48397
563 -104.983 -0.536968 1.47175
564 -104.861 0.446812 1.4818
565 -104.802 1.39747 1.5176
566 -104.722 2.36198 1.50441
567 -104.565 3.24672 1.48362
568 -104.438 4.33191 1.45372
569 -104.293 5.42038 1.50719
570 -104.209 6.38295 1.49184
571 -104.135 7.4224 1.48128
572 -104.044 8.4127 1.48254
573 -103.9 9.45071 1.47355
574 -103.796 10.4963 1.45657
575 -103.635 11.5099 1.44556
576 -103.482 12.496 1.42668
577 -103.287 13.4905 1.42287
578 -103.137 14.4864 1.47768
579 -102.993 15.5152 1.28806
580 -102.826 15.856 0.736758
581 -102.498 16.0411 0.0871623
582 -101.394 16.0462 0.031858
583 -100.369 16.012 0.00245624
584 -99.4279 16.0443 0.00763627
585 -98.798 16.134 0.679356
586 -98.5662 16.4286 1.25174
587 -98.5566 17.1817 1.66695
588 -98.5808 18.2226 1.54962
589 -98.5063 19.2471 1.42281
590 -98.28 20.2327 1.38962
591 -98.2565 21.1426 2.07713
592 -98.4719 21.4112 2.66603
593 -98.9294 21.5291 -3.02257
594 -99.2075 21.4522 -2.4655
595 -99.8456 20.7539 -2.55085
596 -100.19 20.63 -3.23944
597 -100.506 20.7376 2.53333
598 -100.557 20.9237 2.01579
599 -100.659 21.1704 1.49609
600 -100.628 21.4186 0.979848
601 -100.491 21.5616 0.46674
602 -99.4948 21.7167 0.0292133
603 -98.49 21.7304 -0.0054647
604 -97.4926 21.7063 -0.0383882
605 -96.3745 21.619 -0.0648566
606 -95.2979 21.4918 -0.0936744
607 -94.2549 21.333 -0.126885
608 -93.2622 21.164 -0.155206
609 -92.1952 20.9272 -0.191206
610 -91.2558 20.7782 -0.103579
611 -90.2493 20.6295 -0.132948
612 -89.1836 20.4733 -0.0957129
613 -88.2212 20.3506 -0.117919
614 -87.2274 20.2075 -0.152991
615 -86.1373 20.0591 -0.0535165
616 -85.0383 19.9366 -0.0826754
617 -84.0537 19.8004 -0.113774
618 -82.8654 19.6207 -0.150421
619 -81.9921 19.4467 -0.17107
620 -81.0073 19.2162 -0.193159
621 -79.9062 18.9624 -0.226757
622 -78.91 18.7022 -0.26204
623 -77.8875 18.6275 0.162159
624 -76.8317 18.7326 0.143613
625 -75.7789 18.8398 0.127478
626 -74.7338 18.9449 0.104974
627 -73.705 19.0375 0.0848318
628 -72.6332 19.0781 0.0639962
629 -71.6011 19.089 0.0467381
630 -70.5716 19.1177 0.0268909
631 -69.5188 19.0222 -0.120609
632 -68.4822 18.8389 -0.140758
633 -67.4159 18.6449 -0.170882
634 -66.4612 18.4646 -0.109325
635 -65.4605 18.3163 -0.123143
636 -64.529 18.211 -0.0462328
637 -63.4575 18.1668 -0.0291579
638 -62.3413 18.094 -0.0470257
639 -61.2541 18.0014 -0.0660309
640 -60.2507 17.8863 -0.0874991
641 -59.1703 17.7653 -0.110106
642 -58.3312 17.6551 -0.132735
643 -57.2236 17.4926 -0.0604001
644 -56.1169 17.3924 -0.074975
645 -55.0552 17.2537 -0.0934526
646 -54.0383 17.15 -0.0430102
647 -53.111 17.0904 -0.0607603
648 -52.0779 17.0069 -0.0769282
649 -50.9911 16.8808 -0.0357223
650 -49.9333 16.858 -0.0141019
651 -48.9108 16.801 -0.0295515
652 -47.862 16.7532 -0.0457021
653 -46.7712 16.6513 -0.0592201
654 -45.7176 16.5411 -0.0724419
655 -44.7058 16.4985 -0.0213158
656 -43.6502 16.4291 -0.0321508
657 -42.625 16.3732 -0.0509262
658 -41.4366 16.2739 -0.069638
659 -40.3936 16.178 -0.0907467
660 -39.4011 16.0661 -0.101966
661 -38.4333 15.9094 -0.115661
662 -37.4064 15.7957 -0.133099
663 -36.2824 15.6354 -0.0903486
664 -35.3081 15.4677 -0.157352
665 -34.2789 15.3327 -0.0703086
666 -33.3324 15.2171 -0.0803562
667 -32.1116 15.1073 -0.0960328
668 -31.0597 14.9611 -0.104003
669 -30.0252 14.8248 -0.110372
670 -29.0878 14.6707 -0.125149
671 -28.0453 14.5088 -0.136628
672 -27.0256 14.3158 -0.272995
673 -26.6029 14.0634 0.0548484
674 -25.4322 14.1028 0.130799
675 -24.6085 14.2052 -0.0247061
676 -23.5256 14.1277 -0.0556994
677 -22.5322 14.0279 0.00110698
678 -21.3671 13.9944 0.00184004
679 -20.4001 14.0296 0.0418559
680 -19.3343 14.0585 0.0318611
681 -18.3473 13.9722 -0.13106
682 -17.2629 13.8144 -0.131096
683 -16.2001 13.6584 -0.135659
684 -15.3207 13.4706 -0.110117
685 -14.209 13.3966 -0.037951
686 -13.1992 13.3285 -0.0386571
687 -12.1165 13.2499 -0.0559035
688 -11.003 13.1277 -0.0633139
689 -9.98401 13.0629 -0.000943434
690 -8.96854 12.9819 -0.0195542
691 -7.99333 12.9317 0.0372122
692 -6.94366 12.9453 0.0443539
693 -5.95927 12.9473 0.0391306
694 -4.92104 12.9665 0.0076336
695 -3.8976 12.862 -0.214109
696 -3.56164 12.663 -0.728063
697 -3.31838 12.3397 -1.26725
698 -3.28208 11.2658 -1.54361
699 -3.27694 10.2249 -1.59125
700 -3.35817 9.21711 -1.61354
701 -3.42207 8.1981 -1.65885
702 -3.55002 7.15006 -1.69085
703 -3.75353 6.03204 -1.71283
704 -3.8542 5.04038 -1.61951
705 -3.94055 3.99961 -1.54729
706 -3.81565 2.9863 -1.27881
707 -3.52231 2.01222 -1.26525
708 -3.16914 1.03656 -0.972715
709 -2.44835 0.311236 -0.569394
710 -1.55594 -0.268485 -0.56866
711 -0.687777 -0.730713 -0.153386
712 0.330692 -0.63539 0.311342
713 1.23737 -0.337636 0.436353
714 2.26807 -0.18312 0.0563441
715 3.32264 -0.217966 -0.019801
716 4.37988 -0.273076 -0.0251322
717 5.38311 -0.31351 -0.0295714
718 6.36278 -0.366646 -0.023875
719 7.36632 -0.407826 -0.0202167
720 8.38334 -0.448926 -0.00720039
721 9.4823 -0.486381 -0.011817
722 10.4979 -0.528699 -0.0110276
723 11.5433 -0.55951 -0.0240398
724 12.4942 -0.741633 -0.672944
725 12.6732 -1.01967 -1.27105
726 12.8872 -1.9878 -1.38201
727 12.8654 -2.99876 -1.6623
728 12.7761 -4.0113 -1.67843
729 12.6149 -5.0764 -1.71787
730 12.4287 -6.04044 -1.74004
731 12.1963 -7.09616 -1.69508
732 12.0869 -8.14783 -1.63436
733 11.9917 -9.18333 -1.57932
734 11.979 -10.1962 -1.58306
735 11.927 -11.1785 -1.61144
736 11.8672 -12.2273 -1.52707
737 11.8836 -13.2849 -1.55376
738 11.8784 -14.2947 -1.57727
739 11.8353 -15.3381 -1.60527
740 11.7614 -16.4406 -1.62464
741 11.6934 -17.484 -1.59646
742 11.6451 -18.5079 -1.59313
743 11.5894 -19.5531 -1.61286
744 11.5314 -20.5062 -1.57194
745 11.4775 -21.6103 -1.60134
746 11.4065 -22.5664 -1.60172
747 11.3371 -23.6009 -1.63376
748 11.191 -24.7883 -1.64247
749 11.0479 -25.8591 -1.66725
750 10.9677 -26.8546 -1.63854
751 10.8463 -27.9015 -1.66008
752 10.7644 -28.8914 -1.68093
753 10.5974 -29.8798 -1.65836
754 10.4847 -31.0355 -1.68687
755 10.3362 -32.0095 -1.65615
756 10.2092 -33.0798 -1.68638
757 10.06 -34.2183 -1.69868
758 9.89323 -35.2324 -1.60605
759 9.88705 -36.2337 -1.55972
760 9.86045 -37.2329 -1.57144
761 9.84428 -38.1838 -1.5839
762 9.79186 -39.2317 -1.60652
763 9.73559 -40.3162 -1.60666
764 9.665 -41.3237 -1.61823
765 9.58268 -42.3953 -1.55619
766 9.58203 -43.4566 -1.58759
767 9.52923 -44.4666 -1.59985
768 9.47582 -45.5153 -1.60005
769 9.39624 -46.6138 -1.61783
770 9.3425 -47.6181 -1.6313
771 9.21562 -48.696 -1.62812
772 9.20385 -49.7263 -1.54943
773 9.172 -50.384 -2.11062
774 8.94098 -50.5815 -2.63899
775 7.94692 -50.7605 -3.0195
776 6.94246 -50.8643 -3.05527
777 5.93704 -50.803 -3.209
778 4.89781 -50.7331 -3.22923
779 3.82131 -50.6698 -3.20664
780 2.85267 -50.5723 -3.24235
781 1.81472 -50.4312 -3.26428
782 0.755233 -50.2621 -3.29773
783 -0.261586 -50.1213 -3.21424
784 -1.30502 -50.0034 -3.25348
785 -2.32776 -49.8959 -3.20915
786 -3.40344 -49.7996 -3.25209
787 -4.47423 -49.6632 -3.29099
788 -5.4192 -49.3636 2.39395
789 -5.53893 -49.1714 1.84215
790 -5.53889 -48.9301 1.24201
791 -5.10705 -48.3072 1.22142
792 -5.0858 -48.0446 1.7766
793 -5.26265 -47.7474 2.59857
794 -5.50808 -47.6699 -3.07554
795 -5.77034 -47.767 -2.41147
796 -5.8724 -47.9473 -1.71279
797 -5.67812 -48.6881 -1.26807
798 -5.60611 -49.4509 -1.36725
799 -5.49934 -49.6887 -0.766132
800 -5.30288 -49.8389 -0.0773251
801 -4.26283 -49.7628 0.00163517
802 -3.2243 -49.834 -0.122292
803 -2.20618 -49.9652 -0.0970596
804 -1.36062 -50.2579 -0.700747
805 -1.17858 -50.4741 -1.31045
806 -1.21973 -50.8436 -1.90419
807 -1.44931 -51.42 -1.59806
808 -1.39275 -52.522 -1.48717
809 -1.31953 -53.5336 -1.49627
810 -1.3067 -54.5231 -1.55291
811 -1.32769 -55.622 -1.56058
812 -1.32694 -56.5951 -1.54475
813 -1.31468 -57.6866 -1.55105
814 -1.46011 -58.7031 -1.75492
815 -1.62428 -59.7202 -1.63636
816 -1.71887 -60.7444 -1.62091
817 -1.82023 -61.7499 -1.60619
818 -1.82356 -62.7705 -1.57362
819 -1.77104 -63.4231 -0.901038
820 -1.58477 -63.5972 -0.200849
821 -0.5755 -63.8121 -0.195695
822 0.460038 -63.9871 -0.0588504
823 1.46561 -64.0843 -0.0198748
824 2.46569 -64.1318 -0.0261064
825 3.49076 -64.2531 -0.100701
826 4.5838 -64.3668 -0.0869063
827 5.6453 -64.4055 0.0309124
828 6.64428 -64.4186 0.0673772
829 7.74359 -64.3266 0.105673
830 8.80156 -64.3234 -0.047214
831 9.79906 -64.4092 -0.0187723
832 10.8818 -64.4577 -0.0038835
833 11.9254 -64.4908 0.0164133
834 12.9908 -64.4897 -0.0590902
835 14.0098 -64.5615 -0.0538042
836 15.0456 -64.6292 -0.0215251
837 16.0347 -64.6482 -0.00147897
838 17.0462 -64.6537 -0.0177004
839 18.0192 -64.6815 -0.00217523
840 19.0538 -64.6547 0.440384
841 19.2216 -64.5138 1.09194
842 19.2962 -64.3119 1.77542
843 19.213 -63.2301 1.53632
844 19.2629 -62.2338 1.52755
845 19.4514 -61.1278 1.45547
846 19.6207 -60.1266 1.43766
847 19.8051 -59.0294 1.43981
848 19.9698 -57.9691 1.44501
849 20.1231 -57.0175 1.43642
850 20.2606 -55.995 1.53329
851 20.3269 -54.8677 1.51063
852 20.4316 -53.8126 1.52998
853 20.5117 -52.724 1.52787
854 20.5438 -52.05 2.10337
855 20.2984 -51.8499 2.75956
856 19.3024 -51.7118 -3.23712
857 18.2819 -51.568 -3.25518
858 17.1687 -51.4035 -3.24472
859 16.181 -51.2566 -3.26558
860 15.1674 -51.1001 -3.29899
861 14.1451 -50.9481 -3.23735
862 13.1463 -50.7916 -3.26507
863 12.1488 -50.6645 -3.089
864 11.0891 -50.6824 -3.09819
865 10.1924 -50.6207 2.68227
866 10.0069 -50.4406 2.0958
867 9.92075 -50.1883 1.49589
868 10.0331 -49.2246 1.59298
869 10.0746 -48.1712 1.4901
870 10.0628 -47.2073 1.68311
871 9.98993 -46.1772 1.62175
872 9.9808 -45.0902 1.6062
873 9.95186 -44.0522 1.57987
874 9.88188 -42.9496 1.54252
875 9.97543 -41.8478 1.52819
876 10.0603 -40.7224 1.51279
877 10.1824 -39.5004 1.52268
878 10.2748 -38.7144 1.47164
879 10.4027 -37.7289 1.45137
880 10.5069 -36.7419 1.48718
881 10.6088 -35.7182 1.47082
882 10.7092 -34.6166 1.49555
883 10.8033 -33.5956 1.47417
884 10.9347 -32.5429 1.44611
885 11.1165 -31.5063 1.43263
886 11.2511 -30.4561 1.47316
887 11.3245 -29.4268 1.57014
888 11.3731 -28.4158 1.54512
889 11.3838 -27.3841 1.5101
890 11.4962 -26.2515 1.49644
891 11.589 -25.2808 1.48149
892 11.7274 -24.1493 1.45767
893 11.8798 -23.149 1.55094
894 11.9523 -22.0351 1.53856
895 11.9924 -21.0569 1.52742
896 12.1005 -20.0216 1.51473
897 12.2258 -18.9909 1.4738
898 12.2948 -17.7357 1.66595
899 12.1971 -16.7683 1.62136
900 12.2089 -15.7644 1.39068
901 12.5036 -14.9338 1.35424
902 12.5228 -14.5127 1.8762
903 12.3678 -14.23 2.38942
904 12.137 -14.0078 -3.34978
905 11.7996 -13.98 -2.83102
906 11.2817 -14.301 -2.31059
907 11.0859 -14.538 -1.7529
908 11.0599 -15.0752 -1.20692
909 11.2361 -15.4524 -0.674651
910 11.5598 -15.6606 -0.154388
911 11.9845 -15.623 0.384745
912 12.3877 -15.3026 0.975025
913 12.4826 -15.0494 1.50324
914 12.3729 -14.5877 1.97168
915 11.8832 -13.7125 2.07254
916 11.7635 -12.777 1.62654
917 12.0146 -11.7425 1.22688
918 12.3052 -10.7483 1.31465
919 12.5026 -9.69671 1.50458
920 12.6379 -8.59719 1.46269
921 12.7729 -7.70577 1.44848
922 12.8856 -6.67037 1.57902
923 12.9136 -5.60357 1.54535
924 12.8562 -4.58036 1.74367
925 12.8688 -3.51729 1.54335
926 12.9401 -2.51335 1.50287
927 12.9952 -1.52589 1.94541
928 12.907 -1.25754 2.53415
929 12.4524 -1.10136 -3.25586
930 11.4382 -0.931058 -3.25965
931 10.4539 -0.79091 -3.27727
932 9.50457 -0.589141 -3.2928
933 8.45621 -0.404526 -3.30407
934 7.39428 -0.173183 -3.27836
935 6.33395 -0.0756551 -3.14912
936 5.42488 -0.0649378 -3.18005
937 4.41902 0.00134497 -3.15594
938 3.40573 -0.00224528 -3.12375
939 2.24102 -0.010282 -3.1422
940 1.16594 0.0691131 -3.15222
941 0.14235 0.0838965 -3.09315
942 -0.865826 0.0869077 -3.1011
943 -1.92554 0.127857 -3.26479
944 -2.31277 0.212622 2.50483
945 -3.12708 0.911748 2.38223
946 -3.66027 1.68735 1.79677
947 -3.68957 2.71714 1.63215
948 -3.69912 3.72835 1.5914
949 -3.57695 4.76859 1.46342
950 -3.40183 5.80604 1.43261
951 -3.26242 6.83278 1.48428
952 -3.13489 7.82511 1.45734
953 -3.00391 8.84421 1.49351
954 -2.89277 9.87934 1.47475
955 -2.85466 10.904 1.60002
956 -2.91539 11.9612 1.55352
957 -2.96554 12.8912 1.5327
958 -2.91319 13.9275 1.49259
959 -2.86911 14.9421 1.44893
960 -2.72555 15.9282 1.35164
961 -2.58126 16.9495 1.47721
962 -2.44306 17.9891 1.46938
963 -2.35672 19.0108 1.42891
964 -2.24142 20.0758 1.38882
965 -2.06408 21.1707 1.02056
966 -1.415 21.9137 0.785803
967 -0.667701 22.6441 0.759191
968 0.0310742 23.4481 0.744381
969 0.797964 24.2326 0.630866
970 1.64426 24.6681 0.528545
971 2.61114 25.0787 0.0420012
972 3.69567 24.8574 -0.2834
973 4.65706 24.5242 -0.30559
974 5.74026 24.0943 -0.317688
975 6.7351 23.8233 -0.00434713
976 7.8081 23.7552 -0.00696904
977 8.89418 23.6301 -0.0357005
978 10.021 23.5719 -0.0750761
979 10.9927 23.4778 -0.113177
980 12.007 23.3445 -0.123948
981 12.9245 23.2133 -0.148122
982 13.3797 23.1815 0.373219
983 13.6601 23.3511 0.963334
984 13.9722 24.2808 1.44992
985 14.0963 25.2867 1.27999
986 14.4531 26.8347 1.26351
987 14.5086 27.6218 1.55924
988 14.5988 28.6343 1.42582
989 14.7591 29.4736 1.40836
990 14.9328 30.5829 1.39357
991 15.0928 31.6668 1.39979
992 15.2121 32.7737 1.40897
993 15.3473 33.7962 1.39907
994 15.5122 34.818 1.39132
995 15.7059 35.8882 1.40184
996 15.8766 37.0493 1.48487
997 15.9606 38.2028 1.45944
998 16.075 39.213 1.48954
999 16.111 40.2759 1.46889
1000 16.2043 41.243 1.41866
1001 16.2758 42.3486 1.40731
1002 16.3506 43.1375 1.39472
1003 16.4989 44.1316 1.41861
1004 16.6186 45.1873 1.39778
1005 16.8115 46.2434 1.4012
1006 16.9385 47.1429 1.37145
1007 17.0902 48.2519 1.49
1008 17.1263 49.3174 1.48882
1009 17.2346 50.2794 1.47303
1010 17.4118 51.2834 1.16927
1011 17.6973 52.214 1.39149
1012 17.7881 53.1937 1.43664
1013 17.8791 54.1855 1.41911
1014 18.1116 55.1957 1.42104
1015 18.3168 56.4813 1.40481
1016 18.4927 57.3843 1.40452
1017 18.5818 58.2758 1.39205
1018 18.8005 59.4747 1.39486
1019 19.0204 60.5783 1.38024
1020 19.218 61.5864 1.4004
1021 19.466 62.704 1.38108
1022 19.576 63.6282 1.3771
1023 19.8049 64.7031 1.35154
1024 19.9698 65.6596 1.34141
1025 20.2489 66.776 1.33775
1026 20.5574 67.763 1.24227
1027 20.7173 68.9119 1.47286
1028 20.8652 69.904 1.48998
1029 20.9585 70.9455 1.45219
1030 21.1024 71.9355 1.43946
1031 21.2212 72.9486 1.42059
1032 21.3754 73.9453 1.41095
1033 21.6062 75.0897 1.40987
1034 21.7639 76.0388 1.43133
1035 21.9289 77.1166 1.41216
1036 22.0755 78.2221 1.40733
1037 22.2167 79.1652 1.39371
1038 22.3831 80.1248 1.37185
1039 22.559 81.1329 1.36861
1040 22.7473 82.0587 1.35024
1041 22.9707 83.1128 1.34171
1042 23.281 84.0779 1.33705
1043 23.5499 85.0726 1.33714
1044 23.8477 86.147 1.33948
1045 23.9942 87.0763 1.28836
1046 24.2232 88.0597 1.48508
1047 24.2377 89.0174 1.49185
1048 24.2588 89.9667 1.46675
1049 24.4204 91.1487 1.37619
1050 24.5373 92.2714 1.36767
1051 24.7667 93.2592 1.37976
1052 24.9732 94.1502 1.37413
1053 25.2023 95.1476 1.42557
1054 25.0748 95.6339 2.09148
1055 24.681 95.8827 -3.44665
1056 23.647 96.1133 -3.43273
1057 22.5994 96.4043 -3.38977
1058 21.6313 96.6836 -3.4038
1059 21.1257 96.8289 2.33587
1060 20.9137 97.2016 1.64366
1061 20.9329 98.1704 1.50733
1062 20.9986 99.1252 1.50243
1063 21.1337 100.114 1.50449
1064 21.1696 101.21 1.59735
1065 21.2758 102.201 1.34723
1066 21.4986 103.191 1.41762
1067 21.6493 104.193 1.42422
1068 21.8047 105.239 1.42714
1069 21.9763 106.231 1.4304
1070 22.0981 107.231 1.21791
1071 22.7591 107.993 0.853452
1072 23.4176 108.709 0.834296
1073 23.9014 109.489 1.25832
1074 24.2204 110.437 1.25544
1075 24.4775 111.55 1.43448
1076 24.6464 112.828 1.45123
1077 24.7184 113.885 1.69803
1078 24.4648 114.497 2.20171
1079 23.9723 114.888 -3.5511
1080 22.7244 115.143 -3.24645
1081 21.5104 115.166 -3.23479
1082 20.4309 115.31 -3.24311
1083 19.3239 115.474 -3.23234
1084 18.3242 115.472 -3.19815
1085 17.2194 115.606 -3.37999
1086 16.0792 115.862 -3.35178
1087 15.0676 116.14 -3.3836
1088 13.9528 116.414 -3.34643
1089 12.9567 116.688 -3.31442
1090 11.9352 116.873 -3.30327
1091 10.7768 117.131 -3.26405
1092 9.74258 117.248 -3.21723
1093 8.70585 117.33 -3.19495
1094 7.66953 117.442 -3.17699
1095 6.58604 117.499 -3.16255
1096 5.65447 117.517 -3.2102
1097 4.57156 117.652 -3.21383
1098 3.61555 117.712 -3.19339
1099 2.52582 117.717 -3.23185
1100 1.35813 117.866 -3.22218
1101 0.400483 117.919 -3.20684
1102 -0.723667 118.089 -3.25883
1103 -1.90046 118.196 -3.27051
1104 -2.94514 118.256 -3.24573
1105 -4.12411 118.409 -3.22291
1106 -5.36266 118.498 -3.20015
1107 -6.48882 118.562 -3.20524
1108 -7.61809 118.688 -3.30869
1109 -8.56758 118.925 -3.30364
1110 -9.57976 119.195 -3.2469
1111 -10.6682 119.295 -3.21892
1112 -11.7066 119.386 -3.22034
1113 -12.7339 119.557 -3.20505
1114 -13.9088 119.67 -3.19253
1115 -14.9658 119.611 -2.95616
1116 -16.0337 119.448 -2.75743
1117 -17.0091 118.932 -2.5123
1118 -17.8623 118.307 -2.31844
1119 -18.6404 117.52 -2.20078
1120 -19.2894 116.688 -2.296
1121 -19.9868 115.886 -2.32905
1122 -20.801 115.229 -2.37017
1123 -21.6064 114.525 -2.34011
1124 -22.4483 113.788 -2.31179
1125 -23.0883 113.07 -1.93826
1126 -23.431 112.024 -1.76713
1127 -23.5548 111.298 -1.22401
1128 -23.3796 110.608 -1.83954
1129 -23.4324 109.657 -1.64907
1130 -23.4718 109.421 -2.18042
1131 -23.5624 109.331 -2.8111
1132 -23.6994 109.359 -3.47593
1133 -23.7888 109.456 2.12446
1134 -23.8592 109.596 1.45378
1135 -23.6893 110.555 1.47095
1136 -23.6329 111.044 1.25244
1137 -23.6813 111.036 0.713489
1138 -23.6608 111.04 0.204595
1139 -23.6449 111.009 -0.377981
1140 -23.6312 111.018 -0.981746
1141 -23.6303 111.05 -1.48601
1142 -23.53 109.904 -1.46706
1143 -23.4971 108.862 -1.58826
1144 -23.6537 107.919 -1.75998
1145 -23.7935 106.838 -1.73495
1146 -23.9899 105.749 -1.71039
1147 -24.1867 104.727 -1.6904
1148 -24.4471 103.772 -1.67139
1149 -24.5749 102.792 -1.64599
1150 -24.7042 101.839 -1.63676
1151 -24.7061 100.775 -1.58335
1152 -24.7799 99.7167 -1.54891
1153 -24.804 98.502 -1.53342
1154 -24.7382 97.514 -1.50198
1155 -24.6826 96.5812 -1.48287
1156 -24.6608 95.4513 -1.47977
1157 -24.6413 94.431 -1.47255
1158 -24.6125 93.1334 -1.46433
1159 -24.6792 92.1218 -1.70487
1160 -24.8143 90.9779 -1.68025
1161 -24.9733 89.9598 -1.65839
1162 -25.0941 89.0366 -1.63065
1163 -25.1583 88.0321 -1.62511
1164 -25.188 86.8186 -1.60616
1165 -25.2896 85.8321 -1.59061
1166 -25.4063 84.7331 -1.64879
1167 -25.631 83.6457 -1.69117
1168 -25.7986 82.6389 -1.68376
1169 -26.0828 81.6474 -1.66627
1170 -26.1407 80.6568 -1.66896
1171 -26.198 79.5433 -1.64176
1172 -26.3713 78.5644 -1.60615
1173 -26.5276 77.6014 -1.58064
1174 -26.5595 76.6821 -1.57119
1175 -26.669 75.6521 -1.76892
1176 -26.9451 74.6698 -1.75045
1177 -27.2078 73.7091 -1.75057
1178 -27.4082 72.6106 -1.74846
1179 -27.5465 71.6129 -1.69844
1180 -27.7074 70.6022 -1.68337
1181 -27.9117 69.3968 -1.67246
1182 -28.0519 68.326 -1.6639
1183 -28.1172 67.2627 -1.51254
1184 -27.9897 66.2435 -1.33055
1185 -27.8527 65.3808 -1.2939
1186 -27.6187 64.5116 -1.33445
1187 -27.4592 63.3827 -1.39813
1188 -27.3657 62.2599 -1.56086
1189 -27.3796 61.1219 -1.63815
1190 -27.5009 60.1679 -1.68976
1191 -27.5914 59.0057 -1.68425
1192 -27.7092 58.0079 -1.7124
1193 -27.8559 56.9701 -1.71518
1194 -28.1502 55.8122 -1.69182
1195 -28.2904 54.7278 -1.68717
1196 -28.5657 53.4826 -1.6863
1197 -28.665 52.4518 -1.65972
1198 -28.7797 51.4408 -1.65899
1199 -28.894 50.3029 -1.67077
1200 -29.1444 49.2575 -1.63918
1201 -29.2449 48.3225 -1.60885
1202 -29.2909 47.2785 -1.6004
1203 -29.396 46.2457 -1.59622
1204 -29.4471 45.2772 -1.69016
1205 -29.6955 44.3026 -1.76119
1206 -30.0709 43.2857 -1.72458
1207 -30.2641 42.2109 -1.72025
1208 -30.5443 41.2334 -1.71937
1209 -30.7316 40.2481 -1.71968
1210 -30.8592 39.1855 -1.70697
1211 -31.1197 38.2401 -1.69934
1212 -31.3211 37.2171 -1.67827
1213 -31.4394 36.1071 -1.67325
1214 -31.5962 35.0235 -1.64901
1215 -31.8047 33.9519 -1.63934
1216 -31.9867 32.9114 -1.6602
1217 -32.259 31.9464 -1.70993
1218 -32.4525 30.7978 -1.67931
1219 -32.6272 29.7794 -1.67326
1220 -32.8645 28.696 -1.66817
1221 -33.0356 27.6625 -1.66676
1222 -33.2182 26.6649 -1.6483
1223 -33.3282 25.714 -1.64779
1224 -33.4529 24.6938 -1.64255
1225 -33.5944 23.7894 -1.63605
1226 -33.6937 22.8617 -1.61253
1227 -33.7665 21.8002 -1.59979
1228 -33.8963 20.8107 -1.59964
1229 -33.9329 19.7459 -1.58196
1230 -33.9437 18.7366 -1.62582
1231 -34.1355 17.696 -1.89864
1232 -34.6228 16.8536 -2.27207
1233 -35.3918 16.3176 -2.78316
1234 -36.4289 16.1956 -3.10028
1235 -37.5729 16.1784 -3.13145
1236 -38.6122 16.2206 -3.14533
1237 -39.7566 16.2752 -3.16524
1238 -40.8023 16.3406 -3.21023
1239 -41.8498 16.4491 -3.24758
1240 -42.903 16.623 -3.26835
1241 -43.9052 16.775 -3.29696
1242 -44.8901 16.9624 -3.35808
1243 -45.9703 17.4679 -3.42958
1244 -46.5003 17.5374 -2.89388
1245 -46.9689 17.3002 -2.3622
1246 -47.3227 16.914 -1.82066
1247 -47.135 16.3511 -1.14018
1248 -47.2573 16.3309 0.0419115
1249 -46.2584 16.3639 0.0538841
1250 -45.2106 16.4023 0.0657792
1251 -44.1894 16.466 0.0760399
1252 -43.1828 16.5208 0.083118
1253 -42.1934 16.5208 -0.0220208
1254 -41.1137 16.4473 -0.122997
1255 -40.1275 16.2514 -0.218594
1256 -39.1173 15.9664 -0.256406
1257 -38.0968 15.7558 -0.0312996
1258 -37.0758 15.7815 0.0341232
1259 -36.0418 15.8137 0.0410496
1260 -35.028 15.8466 0.0547384
1261 -34.0284 15.8858 0.0723069
1262 -33.0348 15.8102 -0.352433
1263 -32.1679 15.2077 -0.711293
1264 -31.2495 14.6058 -0.234971
1265 -30.2225 14.5176 -0.0307118
1266 -29.0762 14.48 -0.0117743
1267 -28.2495 14.5268 0.548462
1268 -27.9943 14.7097 1.09364
1269 -27.9319 14.9823 1.72346
1270 -28.0554 15.2368 2.39884
1271 -28.2988 15.3695 -3.2183
1272 -28.639 15.3127 -2.66501
1273 -29.3159 15.0352 -3.16697
1274 -30.4375 15.1423 -3.22713
1275 -31.5267 15.2982 -3.25377
1276 -32.4519 15.4745 -3.27238
1277 -33.538 15.6572 -3.29859
1278 -34.5859 15.8298 -3.32564
1279 -35.5763 16.0257 -3.35132
1280 -36.5708 16.2978 -3.33023
1281 -37.6143 16.4632 -3.27777
1282 -38.622 16.674 -3.29831
1283 -39.6075 16.8755 -3.31824
1284 -40.6557 17.041 -3.14588
1285 -41.6844 17.0113 -3.08211
1286 -42.8481 16.9878 -3.10985
1287 -43.8002 17.0443 -3.18563
1288 -44.813 16.9946 -3.02134
1289 -45.9452 16.9175 -3.04056
1290 -46.9272 16.887 -3.1617
1291 -47.9035 16.9725 -3.21392
1292 -48.9322 17.0656 -3.2251
1293 -49.9812 17.1645 -3.24525
1294 -51.1279 17.3453 -3.26136
1295 -52.1675 17.5467 -3.27427
1296 -53.1922 17.7294 -3.29238
1297 -54.2762 17.9419 -3.31474
1298 -55.305 18.1049 -3.23823
1299 -56.3042 18.1626 -3.14577
1300 -57.3699 18.2106 -3.16105
1301 -58.3971 18.2394 -3.1705
1302 -59.4862 18.2867 -3.1968
1303 -60.6725 18.3835 -3.10158
1304 -61.6349 18.3673 -3.11721
1305 -62.7339 18.3451 -3.14302
1306 -63.8194 18.3518 -3.15029
1307 -64.9388 18.4254 -3.1483
1308 -66.0001 18.4762 -3.16403
1309 -67.0677 18.5167 -3.18433
1310 -68.0896 18.5958 -3.19653
1311 -69.1078 18.6934 -3.21076
1312 -70.1472 18.8092 -3.22138
1313 -71.1709 18.9129 -3.23039
1314 -72.2294 18.9804 -3.22251
1315 -73.2551 19.0992 -3.23346
1316 -74.2611 19.2292 -3.24099
1317 -75.2958 19.3504 -3.24098
1318 -76.3039 19.5222 -3.24966
1319 -77.3394 19.6902 -3.26043
1320 -78.3602 19.7908 -3.16444
1321 -79.3726 19.8111 -3.14332
1322 -80.5375 19.8565 -3.15261
1323 -81.55 19.8975 -3.18972
1324 -82.5118 20.0025 -3.20885
1325 -83.6696 20.1212 -3.21676
1326 -84.7181 20.2141 -3.22864
1327 -85.6284 20.3231 -3.23242
1328 -86.7674 20.3694 -3.11156
1329 -87.6689 20.3032 -3.05627
1330 -88.8562 20.3739 -3.26924
1331 -89.9675 20.5494 -3.2773
1332 -91.0006 20.7224 -3.28428
1333 -91.9896 20.8976 -3.29246
1334 -92.9819 21.093 -3.30474
1335 -94.0634 21.2944 -3.32126
1336 -95.117 21.4985 -3.33372
1337 -96.1209 21.7021 -3.33769
1338 -97.1148 21.7683 -2.72601
1339 -97.4238 21.5668 -2.1898
1340 -97.6579 21.0948 -1.67826
1341 -97.7349 20.1451 -1.66608
1342 -97.7899 19.0331 -1.64545
1343 -97.846 18.0073 -1.63673
1344 -98.1338 17.0166 -2.10106
1345 -98.9151 16.308 -2.51953
1346 -99.8445 15.9004 -2.91161
1347 -100.844 15.9085 -3.1499
1348 -101.909 15.9449 -3.16757
1349 -102.788 15.829 -2.4718
1350 -102.991 15.5559 -1.85452
1351 -103.31 14.5327 -1.84743
1352 -103.54 13.4935 -1.63615
1353 -103.603 12.5157 -1.6185
1354 -103.713 11.3887 -1.65339
1355 -103.801 10.3283 -1.63542
1356 -103.881 9.29475 -1.6183
1357 -103.93 8.33459 -1.67455
1358 -104.047 7.97679 -2.28416
1359 -104.22 7.84929 -2.82634
1360 -104.507 7.84694 -3.36223
1361 -104.693 7.93974 2.3839
1362 -104.832 8.21446 1.83414
1363 -104.849 8.49187 1.2896
1364 -104.362 9.30936 1.07198
1365 -103.926 10.1891 1.5692
1366 -103.864 11.2602 1.52434
1367 -103.791 12.2982 1.48464
1368 -103.641 13.302 1.48705
1369 -103.497 14.3384 1.44486
1370 -103.313 15.319 1.2925
1371 -103.055 15.7332 0.766934
1372 -102.639 15.9814 0.180699
1373 -101.527 16.0902 0.106403
1374 -100.542 16.1548 0.0982579
1375 -99.5721 16.2793 0.235402
1376 -99.1168 16.4895 0.815333
1377 -98.6142 17.3756 1.13966
1378 -98.2003 18.3127 1.21972
1379 -97.9057 19.2958 1.32747
1380 -97.6857 20.2393 1.80564
1381 -97.7725 20.5352 2.32676
1382 -98.5646 21.1265 2.57615
1383 -99.5258 21.5738 -3.32851
1384 -100.651 21.8055 -3.33315
1385 -101.572 22.0242 -3.34007
1386 -102.562 22.2658 -3.33972
1387 -103.537 22.5024 -3.33846
1388 -104.646 22.6786 -3.35281
1389 -105.623 22.9074 -3.26795
1390 -106.648 23.0072 -3.22245
1391 -107.644 23.1056 -3.17566
1392 -108.717 23.1428 -3.16664
1393 -109.705 23.1828 -3.17325
1394 -110.737 23.2574 -3.17831
1395 -111.738 23.3343 -3.17112
1396 -112.764 23.4259 -3.17403
1397 -113.825 23.5027 -3.17442
1398 -114.885 23.5265 -3.16977
1399 -115.945 23.6054 -3.16756
1400 -116.977 23.6442 -3.17693
1401 -117.987 23.6201 -3.18811
1402 -119.021 23.7118 -3.18469
1403 -120.062 23.7684 -3.10967
1404 -121.058 23.7179 -3.04074
1405 -122.329 23.7098 -3.20606
1406 -123.379 23.9015 -3.34812
1407 -124.343 24.1417 -3.36512
1408 -125.345 24.4188 -3.3634
1409 -126.56 24.709 -3.30604
1410 -127.494 24.8919 -3.25014
1411 -128.616 25.0452 -3.25246
1412 -129.641 25.1709 -3.25409
1413 -130.632 25.3265 -3.2444
1414 -131.537 25.379 -3.12409
1415 -132.681 25.3244 -3.04712
1416 -133.638 25.2238 -3.048
1417 -134.701 25.1274 -3.05081
1418 -135.686 25.0415 -3.05016
1419 -136.65 24.9892 -3.09047
1420 -137.779 24.9628 -3.09515
1421 -139.061 24.9465 -3.09232
1422 -140.047 24.9645 -3.25439
1423 -141.069 25.1097 -3.24728
1424 -142.13 25.254 -3.25219
1425 -143.259 25.3672 -3.25637
1426 -144.301 25.4962 -3.25777
1427 -145.358 25.6498 -3.26301
1428 -146.382 25.7834 -3.2707
1429 -147.455 25.9746 -3.27199
1430 -148.386 26.1232 -3.27334
1431 -149.41 26.268 -3.28087
1432 -150.484 26.4594 -3.2766
1433 -151.466 26.621 -3.27547
1434 -152.492 26.8343 -3.2799
1435 -153.605 27.0315 -3.28597
1436 -154.633 27.1934 -3.28786
1437 -155.796 27.3207 -3.24744
1438 -156.87 27.4632 -3.24401
1439 -157.91 27.5112 -3.12349
1440 -158.853 27.462 -3.00821
1441 -159.929 27.3911 -3.29015
1442 -160.861 27.8391 2.38201
1443 -161.242 28.466 1.90171
1444 -161.25 28.9731 1.2987
1445 -160.955 29.3832 0.701826
1446 -160.37 29.7238 1.2739
1447 -160.089 30.6692 1.24728
1448 -159.837 31.6363 1.47231
1449 -159.698 32.7753 1.43416
1450 -159.51 33.832 1.40496
1451 -159.447 34.8997 1.67242
1452 -159.601 35.9904 1.73864
1453 -159.835 37.0399 1.70673
1454 -159.859 38.1582 1.58142
1455 -159.91 39.2848 1.54647
1456 -159.921 40.4412 1.53019
1457 -159.847 41.5432 1.51218
1458 -159.782 42.4519 1.48569
1459 -159.63 43.5016 1.47118
1460 -159.453 44.4645 1.44577
1461 -159.361 45.5038 1.43916
1462 -159.201 46.5382 1.4145
1463 -159.053 47.4703 1.40889
1464 -158.817 48.632 1.478
1465 -158.77 49.6126 1.50085
1466 -158.762 50.7113 1.47853
1467 -158.675 51.7404 1.45277
1468 -158.478 52.6843 1.42598
1469 -158.27 53.7567 1.40792
1470 -158.224 54.8727 1.46944
1471 -158.197 55.8545 1.56639
1472 -158.179 56.9322 1.54881
1473 -158.107 58.0358 1.52947
1474 -158.038 59.3295 1.49923
1475 -157.935 60.4213 1.47735
1476 -157.828 61.3776 1.45463
1477 -157.685 62.4554 1.4311
1478 -157.594 63.4241 1.40964
1479 -157.355 64.4926 1.39308
1480 -157.141 65.7093 1.38816
1481 -156.874 66.7948 1.37938
1482 -156.581 67.8608 1.38062
1483 -156.334 68.95 1.43983
1484 -156.308 70.0743 1.57002
1485 -156.343 71.1853 1.58859
1486 -156.415 72.2064 1.58144
1487 -156.481 73.2242 1.56801
1488 -156.493 74.2556 1.56063
1489 -156.496 75.3546 1.52959
1490 -156.433 76.3369 1.51134
1491 -156.351 77.5685 1.51154
1492 -156.33 78.505 1.50807
1493 -156.277 79.4826 1.48937
1494 -156.166 80.6368 1.46422
1495 -156.052 81.6091 1.47377
1496 -155.938 82.7001 1.43427
1497 -155.832 83.654 1.42178
1498 -155.634 84.7469 1.43131
1499 -155.496 85.7386 1.41139
1500 -155.387 86.8638 1.41707
1501 -155.274 87.8541 1.49269
1502 -155.195 88.9165 1.48517
1503 -155.107 89.8847 1.44641
1504 -154.948 90.8882 1.43244
1505 -154.774 91.9643 1.43231
1506 -154.728 92.9429 1.40548
1507 -154.501 93.8859 1.38187
1508 -154.18 94.8607 1.38479
1509 -154.046 95.9232 1.40404
1510 -153.945 96.9889 1.48497
1511 -153.859 98.0182 1.48754
1512 -153.842 99.0753 1.47701
1513 -153.664 100.201 1.46036
1514 -153.549 101.191 1.46717
1515 -153.476 102.204 1.4473
1516 -153.307 103.275 1.44015
1517 -153.156 104.449 1.4405
1518 -153.009 105.406 1.44309
1519 -152.938 106.545 1.42492
1520 -152.905 107.621 1.50215
1521 -152.837 108.734 1.56382
1522 -152.845 109.773 1.56112
1523 -152.796 110.94 1.56473
1524 -152.833 111.98 1.56938
1525 -152.826 112.984 1.30985
1526 -152.611 113.959 1.25779
1527 -152.293 114.938 1.24638
1528 -151.937 115.934 1.22573
1529 -151.604 117.092 1.33931
1530 -151.417 118.172 1.38019
1531 -151.104 119.276 1.39036
1532 -150.951 120.217 1.43184
1533 -150.912 121.248 1.46664
1534 -150.834 122.253 1.46289
1535 -150.714 123.37 1.45941
1536 -150.59 124.455 1.47046
1537 -150.449 125.485 1.48546
1538 -150.442 126.528 1.48745
1539 -150.457 127.523 2.02231
1540 -151.054 128.356 2.25398
1541 -151.673 129.194 2.23898
1542 -152.375 130 2.40238
1543 -153.104 130.805 2.30886
1544 -153.854 131.599 2.32028
1545 -154.623 132.393 2.356
1546 -155.498 133.235 2.43409
1547 -156.371 133.983 2.50315
1548 -157.469 134.423 -3.38611
1549 -158.549 134.606 -3.17301
1550 -159.577 134.721 -3.20007
1551 -160.665 134.759 -3.19426
1552 -161.69 134.854 -3.16605
1553 -162.778 135.022 -3.15312
1554 -163.861 135.057 -3.12567
1555 -165.048 135.104 -3.09658
1556 -166.162 135.06 -3.05837
1557 -167.16 134.951 -3.02624
1558 -168.277 134.846 -3.03461
1559 -169.425 134.834 -3.09646
1560 -170.512 134.812 -3.05932
1561 -171.464 134.804 -3.04564
1562 -172.602 134.737 -3.01466
1563 -173.705 134.649 -3.05494
1564 -174.816 134.673 -3.09642
1565 -175.894 134.793 -3.31823
1566 -176.95 134.931 -3.19221
1567 -178.016 134.997 -3.19391
1568 -179.144 135.163 -3.1769
1569 -180.25 135.209 -3.1387
1570 -181.448 135.319 -3.11251
1571 -182.55 135.299 -3.03577
1572 -183.626 135.112 -2.77042
1573 -184.75 134.972 -3.04339
1574 -185.595 134.841 -3.03128
1575 -186.61 134.686 -2.99823
1576 -187.723 134.62 -2.97358
1577 -188.805 134.521 -3.18041
1578 -190.178 134.554 -3.17708
1579 -191.178 134.631 -3.1572
1580 -192.21 134.669 -3.16646
1581 -193.333 134.707 -3.16812
1582 -194.442 134.733 -3.16207
1583 -195.579 134.721 -3.14787
1584 -196.738 134.796 -3.14013
1585 -197.797 134.849 -3.12652
1586 -198.904 134.798 -3.08998
1587 -199.907 134.841 -3.0524
1588 -200.937 134.7 -3.05105
1589 -201.39 134.612 -2.51596
1590 -202.063 134.003 -1.93161
1591 -202.285 133.159 -1.54846
1592 -202.335 132.023 -1.53544
1593 -202.334 131.144 -1.52788
1594 -202.294 130.073 -1.40345
1595 -201.902 129.061 -1.16445
1596 -201.81 128.15 -1.48813
1597 -201.7 127.176 -1.46147
1598 -201.662 126.184 -1.44268
1599 -201.593 125.215 -1.42334
1600 -201.64 124.176 -1.7174
1601 -202.01 123.245 -2.03404
1602 -202.382 122.231 -1.56651
1603 -202.479 121.246 -1.51442
1604 -202.588 120.164 -1.50435
1605 -202.641 119.036 -1.48282
1606 -202.595 117.96 -1.47232
1607 -202.484 116.949 -1.4579
1608 -202.432 115.96 -1.43127
1609 -202.339 114.973 -1.45793
1610 -202.282 113.983 -1.45719
1611 -202.205 113.037 -1.44527
1612 -202.156 112.127 -1.44529
1613 -202.096 111.118 -1.55335
1614 -202.196 110.131 -1.59201
1615 -202.244 109.167 -1.57667
1616 -202.234 108.095 -1.57884
1617 -202.172 107.116 -1.56226
1618 -202.188 106.081 -1.53157
1619 -202.306 105.026 -1.74147
1620 -202.495 104.08 -1.70941
1621 -202.682 103.016 -1.70616
1622 -202.86 101.972 -1.66098
1623 -202.881 101.024 -1.61635
1624 -202.989 100.041 -1.58943
1625 -203.19 99.1357 -1.70509
1626 -203.453 98.2035 -1.72744
1627 -203.591 97.2674 -1.70071
1628 -203.648 96.2765 -1.43447
1629 -203.587 95.2398 -1.39247
1630 -203.526 94.2951 -1.35712
1631 -203.389 93.2754 -1.35836
1632 -203.32 92.2023 -1.70447
1633 -203.608 91.1103 -1.85771
1634 -203.888 90.1679 -1.54426
1635 -203.966 89.207 -1.54745
1636 -204.282 88.1978 -1.94281
1637 -204.38 87.7105 -1.40048
1638 -204.201 86.8104 -1.10577
1639 -203.682 85.9471 -0.910019
1640 -203.105 85.3658 -0.426787
1641 -202.211 84.9296 -0.614232
1642 -201.659 84.1109 -1.1536
1643 -201.594 83.5971 -1.89889
1644 -201.689 83.4253 -2.41632
1645 -201.82 83.3417 -2.92846
1646 -202.138 83.3757 -2.40646
1647 -202.925 82.7992 -2.39904
1648 -203.773 82.1217 -2.39948
1649 -204.432 81.4325 -1.79278
1650 -204.578 80.4919 -1.68563
1651 -204.68 79.4191 -1.61085
1652 -204.83 78.3113 -1.58297
1653 -204.991 77.4012 -1.54585
1654 -204.989 76.4475 -1.52837
1655 -204.974 75.408 -1.51151
1656 -204.937 74.4501 -1.47534
1657 -204.862 73.4641 -1.52195
1658 -204.919 72.4845 -1.62098
1659 -204.994 71.4538 -1.60898
1660 -205.009 70.5049 -1.58565
1661 -205.158 69.4084 -1.57499
1662 -205.22 68.4462 -1.61502
1663 -205.412 67.4674 -1.70126
1664 -205.721 66.5361 -1.72114
1665 -205.827 65.6145 -1.47976
1666 -205.877 64.5604 -1.73289
1667 -206.134 63.6193 -1.79313
1668 -206.323 62.588 -1.63704
1669 -206.453 61.6351 -1.62379
1670 -206.59 60.6342 -1.59106
1671 -206.677 59.6046 -1.594
1672 -206.673 58.5824 -1.60067
1673 -206.754 57.5663 -1.60046
1674 -206.784 56.422 -1.42567
1675 -206.738 55.4689 -1.42099
1676 -206.596 54.4325 -1.42062
1677 -206.587 53.4932 -1.4026
1678 -206.5 52.5048 -1.39486
1679 -206.426 51.5721 -1.41654
1680 -206.408 50.5314 -1.54897
1681 -206.396 49.4486 -1.53182
1682 -206.462 48.3992 -1.51591
1683 -206.517 47.3738 -1.73013
1684 -206.757 46.3369 -1.72014
1685 -206.97 45.2956 -1.72912
1686 -207.238 44.3088 -1.73838
1687 -207.433 43.3345 -1.73068
1688 -207.681 42.3491 -1.70586
1689 -207.658 41.4239 -1.46162
1690 -207.654 40.3625 -1.68254
1691 -207.83 39.3457 -1.7947
1692 -208.121 38.288 -1.64111
1693 -208.166 37.1862 -1.37146
1694 -208.038 36.2619 -1.57827
1695 -208.086 35.2688 -1.59919
1696 -208.26 34.204 -1.7845
1697 -208.595 33.2158 -1.62539
1698 -208.425 32.2444 -1.27539
1699 -208.389 31.779 -0.752177
1700 -208.188 31.706 -0.214237
1701 -207.075 31.627 0.0433935
1702 -206.027 31.6483 0.0626544
1703 -204.96 31.7062 0.0737628
1704 -204.036 31.7755 0.0809303
1705 -202.881 31.8433 0.0425633
1706 -201.862 31.8794 -0.00675484
1707 -200.899 31.8125 0.0124784
1708 -199.908 31.8241 0.038668
1709 -198.908 31.8198 0.0623843
1710 -197.919 31.8973 0.0802773
1711 -196.979 31.7938 -0.0579344
1712 -195.982 31.7147 -0.0370375
1713 -194.93 31.6419 -0.124074
1714 -193.971 31.48 -0.222674
1715 -192.931 31.2885 -0.204214
1716 -191.967 31.1059 -0.178418
1717 -190.885 30.8006 -0.160214
1718 -189.815 30.6779 -0.143771
1719 -188.684 30.6174 -0.115447
1720 -187.648 30.4705 -0.0921648
1721 -186.679 30.3292 -0.0743789
1722 -185.798 30.242 -0.0576952
1723 -184.807 30.2502 -0.0405759
1724 -183.867 30.2318 -0.0433598
1725 -182.836 30.1207 -0.0223187
1726 -181.833 30.0913 -0.00397822
1727 -180.676 30.0367 -0.0449138
1728 -179.667 29.9461 -0.101308
1729 -178.714 29.854 -0.0925557
1730 -177.735 29.7688 -0.0699659
1731 -176.754 29.7357 -0.0322299
1732 -175.778 29.6148 -0.165175
1733 -174.896 29.4604 -0.133492
1734 -173.861 29.2906 -0.109053
1735 -172.876 29.2318 -0.110511
1736 -171.866 29.0667 -0.107213
1737 -170.957 28.9754 -0.0847718
1738 -169.857 28.7783 -0.276306
1739 -168.874 28.5448 -0.258861
1740 -167.998 28.2996 -0.235507
1741 -167.07 28.1076 -0.207775
1742 -166.1 27.9374 -0.180115
1743 -165.137 27.8138 -0.159149
1744 -164.182 27.5682 -0.139462
1745 -163.158 27.5638 0.253449
1746 -162.095 27.8061 0.333475
1747 -161.222 28.2461 0.583512
1748 -160.643 28.8106 1.14638
1749 -160.215 29.7563 1.19407
1750 -160.181 30.2787 1.73151
1751 -160.37 30.6629 2.25115
1752 -160.624 30.9647 -3.46526
1753 -160.817 30.9201 -2.85716
1754 -161.066 30.7901 -2.18355
1755 -161.145 30.5618 -1.64468
1756 -161.057 30.1389 -1.07346
1757 -160.611 29.6512 -0.873918
1758 -160.474 29.3146 -1.38407
1759 -160.48 28.3011 -1.63335
1760 -160.362 27.7008 -1.06876
1761 -160.305 27.3471 -0.51674
1762 -158.975 27.1172 -0.162245
1763 -157.838 26.9104 -0.124519
1764 -156.792 26.7818 0.0107462
1765 -155.701 26.7653 0.088474
1766 -154.725 26.8601 0.104993
1767 -153.775 26.9543 0.122944
1768 -152.696 27.0834 0.149076
1769 -151.685 27.2041 0.172202
1770 -150.651 27.2277 -0.117255
1771 -149.532 27.047 -0.139777
1772 -148.509 26.8677 -0.11337
1773 -147.508 26.7376 -0.0986544
1774 -146.352 26.6131 -0.141997
1775 -145.172 26.3767 -0.178963
1776 -144.192 26.2333 -0.17418
1777 -143.114 26.0383 -0.159037
1778 -141.927 25.8565 -0.13406
1779 -140.843 25.6721 -0.116144
1780 -139.857 25.5387 -0.0898177
1781 -138.634 25.4397 -0.0689072
1782 -137.612 25.3549 -0.0419757
1783 -136.693 25.3343 -0.029179
1784 -135.538 25.2639 -0.00643419
1785 -134.378 25.2353 0.00720868
1786 -133.335 25.2532 0.030518
1787 -132.021 25.2604 -0.0114859
1788 -130.988 25.2242 -0.0299008
1789 -129.969 25.127 -0.161379
1790 -128.794 24.8901 -0.147407
1791 -127.811 24.6818 -0.136474
1792 -126.777 24.5051 -0.110701
1793 -125.709 24.3621 -0.116669
1794 -124.694 24.2116 -0.114996
1795 -123.642 24.0577 -0.0967892
1796 -122.529 23.9924 -0.0920852
1797 -121.51 23.8664 -0.0789718
1798 -120.503 23.7437 -0.0663969
1799 -119.463 23.6897 -0.0603007
1800 -118.429 23.6192 -0.0487415
1801 -117.384 23.582 -0.0456444
1802 -116.331 23.4706 -0.0640591
1803 -115.26 23.3525 -0.0656788
1804 -114.129 23.2331 -0.0550961
1805 -113.098 23.1332 -0.12464
1806 -112.048 22.998 -0.11681
1807 -111.033 22.8633 -0.0983842
1808 -109.951 22.7245 -0.0811704
1809 -108.992 22.6506 -0.07135
1810 -107.935 22.5604 -0.0600562
1811 -106.808 22.4889 -0.0509482
1812 -105.908 22.4315 -0.0502527
1813 -104.772 22.3608 -0.0424671
1814 -103.775 22.2859 -0.025664
1815 -102.73 22.2209 -0.0936351
1816 -101.709 22.0765 -0.0888315
1817 -100.679 21.9573 -0.0725018
1818 -99.6212 21.8835 -0.0743038
1819 -98.6072 21.7808 -0.0705677
1820 -97.6287 21.6811 -0.0735999
1821 -96.4029 21.5749 -0.0706607
1822 -95.3783 21.4803 -0.0555186
1823 -94.3388 21.3573 -0.105921
1824 -93.2733 21.2214 -0.0849159
1825 -92.2169 21.1202 -0.0703966
1826 -91.1802 21.014 -0.0571338
1827 -90.1589 20.9356 -0.0519891
1828 -89.1411 20.8436 -0.0402179
1829 -88.1349 20.8143 -0.0427927
1830 -87.0111 20.7763 -0.0329029
1831 -85.8765 20.6859 -0.0179889
1832 -84.845 20.6385 -0.0138623
1833 -83.8247 20.5696 -0.086843
1834 -82.8302 20.4719 -0.0756071
1835 -81.8206 20.3377 -0.0737438
1836 -80.6911 20.2038 -0.0645235
1837 -79.6285 20.1062 -0.0705431
1838 -78.6126 20.0073 -0.0569047
1839 -77.5756 19.9344 -0.0487104
1840 -76.5367 19.8428 -0.0384992
1841 -75.5188 19.7479 -0.114897
1842 -74.4727 19.6079 -0.110253
1843 -73.4347 19.4714 -0.103824
1844 -72.3678 19.3403 -0.100033
1845 -71.4208 19.2171 -0.0939609
1846 -70.2799 19.0925 -0.0783812
1847 -69.1777 18.9709 -0.0745805
1848 -68.2233 18.8863 -0.0665658
1849 -67.0721 18.7892 -0.0656815
1850 -66.0496 18.7087 -0.0635753
1851 -65.0828 18.6349 -0.0570507
1852 -64.0567 18.5618 -0.0441255
1853 -62.9136 18.4673 -0.0366976
1854 -61.8906 18.4091 -0.0367557
1855 -60.9237 18.3536 -0.036616
1856 -59.9381 18.285 -0.0286495
1857 -58.9768 18.2515 -0.0263574
1858 -57.7567 18.1813 -0.0127463
1859 -56.719 18.1426 -0.0281095
1860 -55.6903 18.0376 -0.104501
1861 -54.6968 17.8953 -0.100275
1862 -53.6801 17.7365 -0.103802
1863 -52.6293 17.6242 -0.0980132
1864 -51.6477 17.4948 -0.0982837
1865 -50.5709 17.3726 -0.10031
1866 -49.5379 17.2478 -0.106227
1867 -48.5475 17.1217 -0.099565
1868 -47.5263 17.0048 -0.0903266
1869 -46.5141 16.8774 -0.0906329
1870 -45.4195 16.773 -0.0879851
1871 -44.4245 16.6655 -0.0856735
1872 -43.3778 16.5448 -0.0882807
1873 -42.2344 16.408 -0.0874076
1874 -41.2383 16.3051 -0.0914513
1875 -40.2088 16.1751 -0.088231
1876 -39.2049 16.1119 -0.0876236
1877 -38.1657 15.9685 -0.079409
1878 -37.1106 15.8827 -0.0886167
1879 -35.9724 15.8889 0.0602071
1880 -34.9223 15.8364 -0.061328
1881 -33.9005 15.7403 -0.0557056
1882 -32.7948 15.689 -0.05396
1883 -31.6834 15.601 -0.0443642
1884 -30.6063 15.5304 -0.0411159
1885 -29.3913 15.409 -0.0880162
1886 -28.3392 15.2974 -0.087604
1887 -27.3977 15.187 -0.0804935
1888 -26.278 15.0379 -0.0708622
1889 -25.3213 14.9813 -0.0884345
1890 -24.2822 14.8638 -0.0744439
1891 -23.2435 14.7545 -0.0793113
1892 -22.0717 14.6155 -0.0712029
1893 -21.0383 14.5357 -0.0716892
1894 -20.157 14.4145 -0.0652948
1895 -19.0407 14.3459 -0.0717175
1896 -18.0344 14.2524 -0.0760179
1897 -16.9291 14.1536 -0.0712406
1898 -16.0058 14.0628 -0.0736906
1899 -14.9456 13.9668 -0.0847096
1900 -13.9165 13.8735 -0.0638471
1901 -12.9812 13.7759 -0.129776
1902 -11.9718 13.5292 -0.244863
1903 -10.9795 13.333 -0.0893207
1904 -9.88286 13.1628 -0.0740882
1905 -8.7956 13.019 -0.0232498
1906 -7.84927 13.0348 0.0949082
1907 -6.79821 13.0424 0.0518919
1908 -5.77219 13.0776 0.0444618
1909 -4.64761 13.0598 0.0378303
1910 -4.30361 13.0181 -0.670053
1911 -3.65301 12.2905 -0.866326
1912 -3.23493 11.3411 -1.35202
1913 -3.21845 10.2862 -1.6092
1914 -3.29265 9.26411 -1.58961
1915 -3.33976 8.2108 -1.60976
1916 -3.41881 7.19986 -1.65297
1917 -3.57657 6.12486 -1.68989
1918 -3.74193 4.94181 -1.70052
1919 -3.94526 3.90216 -1.72443
1920 -4.17048 2.8459 -1.74083
1921 -4.32737 1.79298 -1.58755
1922 -4.23216 0.734582 -1.24592
1923 -3.8862 0.167813 -0.666605
1924 -3.38488 -0.0224137 -0.0702283
1925 -2.78864 0.11493 0.542131
1926 -2.41323 0.511242 1.14431
1927 -2.28412 1.08385 1.76261
1928 -2.47835 1.55462 -3.91033
1929 -2.89873 1.75583 -3.32727
1930 -3.35743 1.71485 -2.72898
1931 -3.73707 1.39404 -2.1357
1932 -3.92298 1.00519 -1.55808
1933 -3.78422 0.527663 -0.96646
1934 -3.53677 0.272636 -0.408889
1935 -3.35268 0.251348 0.35423
1936 -3.18427 0.391108 0.991467
1937 -2.87941 1.09745 0.988633
1938 -2.60603 1.57582 1.39344
1939 -2.52532 2.01694 0.981227
1940 -1.72432 2.59818 0.623192
